10.0 0.004276977190030928
11.768119524349986 0.004926327450767396
13.84886371393873 0.005665306151789606
16.297508346206442 0.006489324819627739
19.179102616724887 0.007382670607748039
22.5701971963392 0.008291875132256404
26.560877829466865 0.009072263249389211
31.257158496882354 0.009447162629256833
36.78379771828634 0.009140057724252785
43.28761281083057 0.008158331937282147
50.9413801481638 0.006747526763351452
59.94842503189409 0.0052279262245103755
70.54802310718642 0.0038809383485519135
83.02175681319744 0.002809871640089393
97.70099572992251 0.0020038200204616293
114.97569953977356 0.0014218900375631053
135.30477745798075 0.00101655456553988
159.2282793341092 0.0007397277405258635
187.3817422860383 0.0005501099181344372
220.51307399030455 0.0004174476949842229
259.5024211399737 0.0003218730669313535
305.3855508833415 0.00025102326617535385
359.38136638046257 0.00019726970787195918
422.9242874389499 0.00015579288826995358
497.7023564332109 0.00012341980102008
585.7020818056661 9.796288215953172e-05
689.2612104349695 7.784952309485056e-05
811.1308307896873 6.191102519420433e-05
954.5484566618337 4.9257723171758885e-05
1123.3240329780276 3.917517592795494e-05
1321.9411484660286 3.119040807088617e-05
1555.6761439304723 2.483311260719661e-05
1830.7382802953678 1.9771574654301274e-05
2154.434690031882 1.588623769161739e-05
2535.364493970111 1.2772431478997843e-05
2983.6472402833374 1.0268951595239937e-05
3511.191734215131 8.256170098761396e-06
4132.0124001153345 6.6379069048566434e-06
4862.601580065353 5.33683385279982e-06
5722.367659350214 4.290779605774739e-06
6734.150657750822 3.449758814521402e-06
7924.82898353917 2.7735835842865036e-06
9326.0334688322 2.2299431098318105e-06
10974.987654930545 1.7928597145074252e-06
12915.496650148827 1.441447515737777e-06
15199.11082952933 1.158914400169598e-06
17886.495290574352 9.317596182008944e-07
21049.041445120216 7.238177532731475e-07
24770.76355991709 5.226549760502262e-07
29150.530628251756 3.7739917645675104e-07
34304.69286314912 2.725127376890163e-07
40370.1725859655 1.9677624339297585e-07
47508.101621027934 1.4208836728960115e-07
55908.10182512223 1.0259929639324175e-07
65793.32246575682 7.408499246763224e-08
77426.36826811277 5.349535817372974e-08
91116.27561154886 3.862797647426295e-08
107226.72220103232 2.789252408873391e-08
126185.68830660211 2.0140658948546334e-08
148496.82622544636 1.4543185177188972e-08
174752.84000076828 1.0501356268349585e-08
205651.23083486513 7.415666617129029e-09
242012.82647943834 4.700785118104351e-09
284803.5868435799 2.97982391435316e-09
335160.2650938841 1.8889079882323227e-09
394420.6059437656 1.19737725803922e-09
464158.8833612772 7.5901648306926e-10
546227.7217684337 4.811399395661102e-10
642807.3117284318 3.0499422161370404e-10
756463.3275546291 1.9333559234686598e-10
890215.0854450373 1.2255527685195418e-10
1047615.7527896641 7.768769165540831e-11
1232846.7394420658 4.924616540205356e-11
1450828.7784959401 3.1217104732157204e-11
1707352.6474706887 1.9788497640424202e-11
2009233.002565046 1.2543912775539844e-11
2364489.412645407 7.951576242903641e-12
2782559.402207126 5.040497799857226e-12
3274549.162877725 3.1951675107233907e-12
3853528.5937105273 2.025414121174983e-12
4534878.508128582 1.2839083861760534e-12
5336699.231206302 8.138684957607215e-13
6280291.441834247 5.15910586396768e-13
7390722.033525775 3.2703530673892756e-13
8697490.026177835 2.073074185214944e-13
10235310.218990248 1.3141200625275106e-13
12045035.402587812 8.330196531573928e-14
14174741.629268046 5.28050489703209e-14
16681005.372000592 3.347307817035553e-14
19630406.50040268 2.121855739265552e-14
23101297.000831578 1.345042650496793e-14
27185882.4273294 8.526214568581579e-15
31992671.377973843 5.4047605734020595e-15
37649358.06792463 3.4260733905810133e-15
44306214.575838774 2.1717851731327803e-15
52140082.87999684 1.3766928785607554e-15
61359072.734131634 8.7268451103107e-16
72208090.18385457 5.531940112813798e-16
84975343.59086438 3.5066923985624413e-16
100000000.0 2.222889497601744e-16
