10.0 2.0922298119714184e-05
11.768119524349986 1.9460085298396805e-05
13.84886371393873 1.810006327479158e-05
16.297508346206442 1.6835090161626826e-05
19.179102616724887 1.5658523202227194e-05
22.5701971963392 1.4564183887387864e-05
26.560877829466865 1.3546325510152707e-05
31.257158496882354 1.2599602988116755e-05
36.78379771828634 1.1719044794780738e-05
43.28761281083057 1.0900026852560774e-05
50.9413801481638 1.0138248250357403e-05
59.94842503189409 9.42970865816974e-06
70.54802310718642 8.770687320151849e-06
83.02175681319744 8.157723515797696e-06
97.70099572992251 7.587598386650335e-06
114.97569953977356 7.057318033101933e-06
135.30477745798075 6.564097792520781e-06
159.2282793341092 6.10534761614503e-06
187.3817422860383 5.678658467952705e-06
220.51307399030455 5.2817896740844555e-06
259.5024211399737 4.912657156386943e-06
305.3855508833415 4.569322488287698e-06
359.38136638046257 4.249982715530491e-06
422.9242874389499 3.952960888316855e-06
497.7023564332109 3.67669725513515e-06
585.7020818056661 3.4197410720332888e-06
689.2612104349695 3.1807429843231697e-06
811.1308307896873 2.958447940710811e-06
954.5484566618337 2.6394048597553383e-06
1123.3240329780276 2.187664701799588e-06
1321.9411484660286 1.8132409015657855e-06
1555.6761439304723 1.502900588196398e-06
1830.7382802953678 1.2456757268439184e-06
2154.434690031882 1.0324754868253126e-06
2535.364493970111 8.557649538504123e-07
2983.6472402833374 7.09298831384754e-07
3511.191734215131 5.879007196311523e-07
4132.0124001153345 4.872801714166989e-07
4862.601580065353 4.038810593816891e-07
5722.367659350214 3.3475589546980195e-07
6734.150657750822 2.774616609240018e-07
7924.82898353917 2.2997346521609085e-07
9326.0334688322 1.906129824472676e-07
10974.987654930545 1.5798913602185558e-07
12915.496650148827 1.3094893527431987e-07
15199.11082952933 1.0947536444339701e-07
17886.495290574352 1.0091665904114015e-07
21049.041445120216 9.302706708312758e-08
24770.76355991709 8.575427776063003e-08
29150.530628251756 7.905006988639165e-08
34304.69286314912 7.286999217095964e-08
40370.1725859655 6.717306849477979e-08
47508.101621027934 6.192152622190893e-08
55908.10182512223 5.708054575396579e-08
65793.32246575682 5.2618029663774306e-08
77426.36826811277 4.140277146314512e-08
91116.27561154886 2.955736924211941e-08
107226.72220103232 2.1100956424925706e-08
126185.68830660211 1.5063937470190317e-08
148496.82622544636 1.0754119743963397e-08
174752.84000076828 7.677348083551346e-09
205651.23083486513 5.480845945489419e-09
242012.82647943834 3.912766745922013e-09
284803.5868435799 2.793317630208653e-09
335160.2650938841 1.994144780382461e-09
394420.6059437656 1.4236166206524723e-09
464158.8833612772 1.0163175224465258e-09
546227.7217684337 7.255473780282503e-10
642807.3117284318 5.17967058657465e-10
756463.3275546291 3.6977581613398e-10
890215.0854450373 2.6398233615851397e-10
1047615.7527896641 1.884565478951088e-10
1232846.7394420658 1.345388140788904e-10
1450828.7784959401 9.604703416210677e-11
1707352.6474706887 6.856781691213367e-11
2009233.002565046 4.895044971571598e-11
2364489.412645407 3.4945644112330215e-11
2782559.402207126 2.494763683516399e-11
3274549.162877725 1.781007617597845e-11
3853528.5937105273 1.2714583569176312e-11
4534878.508128582 9.076919926687905e-12
5336699.231206302 6.4799979415166734e-12
6280291.441834247 4.626059683373469e-12
7390722.033525775 3.3025362642514314e-12
8697490.026177835 2.3576751108282834e-12
10235310.218990248 1.6831403150327344e-12
12045035.402587812 1.2015910534395985e-12
14174741.629268046 8.578138416689313e-13
16681005.372000592 6.123918656454936e-13
19630406.50040268 4.3718552778203894e-13
23101297.000831578 3.121060164647952e-13
27185882.4273294 2.2281196270999928e-13
31992671.377973843 1.590650872066157e-13
37649358.06792463 1.1355629949267933e-13
44306214.575838774 8.106765212231129e-14
52140082.87999684 5.787406114838886e-14
61359072.734131634 4.131619537659766e-14
72208090.18385457 2.949556271885553e-14
84975343.59086438 2.1056832851427543e-14
100000000.0 1.5032437724929838e-14
