10.0 1.3833090943754886e-47
11.768119524349986 3.675045624460805e-47
13.84886371393873 9.7635256623771e-47
16.297508346206442 2.5938874025808157e-46
19.179102616724887 6.891220859846461e-46
22.5701971963392 1.830804307568714e-45
26.560877829466865 4.8639434237298205e-45
31.257158496882354 1.2922188845511342e-44
36.78379771828634 3.433086969378544e-44
43.28761281083057 9.120840983794147e-44
50.9413801481638 2.423184931044778e-43
59.94842503189409 6.4378390392808006e-43
70.54802310718642 1.7103928797412805e-42
83.02175681319744 4.544166628086773e-42
97.70099572992251 1.2073013277783523e-41
114.97569953977356 3.2076037479578926e-41
135.30477745798075 8.522165953491383e-41
159.2282793341092 2.2642493528710428e-40
187.3817422860383 6.015952385277281e-40
220.51307399030455 1.59842196594952e-39
259.5024211399737 4.247042631934587e-39
305.3855508833415 1.1284735179001642e-38
359.38136638046257 2.998523002838819e-38
422.9242874389499 7.967767443590797e-38
497.7023564332109 2.1172956671515005e-37
585.7020818056661 5.626582842363443e-37
689.2612104349695 1.4953040806864428e-36
811.1308307896873 3.974108561121865e-36
954.5484566618337 1.0562818811373975e-35
1123.3240329780276 2.8077284965008163e-35
1321.9411484660286 7.464002521129367e-35
1555.6761439304723 1.98443619905895e-34
1830.7382802953678 5.276668304553224e-34
2154.434690031882 1.4032978193076127e-33
2535.364493970111 3.732666564445529e-33
2983.6472402833374 9.930744652471523e-33
3511.191734215131 2.642738215750217e-32
4132.0124001153345 7.034860848952845e-32
4862.601580065353 1.8733055890775666e-31
5722.367659350214 4.9904555198374345e-31
6734.150657750822 1.3300915970097696e-30
7924.82898353917 3.547068203939481e-30
9326.0334688322 9.465583598330978e-30
10974.987654930545 2.5279347512515255e-29
12915.496650148827 6.757475073936659e-29
15199.11082952933 1.8083102607728115e-28
17886.495290574352 4.845215345879461e-28
21049.041445120216 1.3001712231982412e-27
24770.76355991709 3.495000522151142e-27
29150.530628251756 9.414210277178382e-27
34304.69286314912 2.5419266470341606e-26
40370.1725859655 6.882754408556453e-26
47508.101621027934 1.8697703952919836e-25
55908.10182512223 5.098950384548712e-25
65793.32246575682 1.3967456749876353e-24
77426.36826811277 3.846079792867996e-24
91116.27561154886 1.0654969309488172e-23
107226.72220103232 2.9726337192244557e-23
126185.68830660211 8.361180557067114e-23
148496.82622544636 2.3739815106023787e-22
174752.84000076828 6.813758598969629e-22
205651.23083486513 1.9800921680302277e-21
242012.82647943834 5.8363116087065255e-21
284803.5868435799 1.7481814274410504e-20
335160.2650938841 5.3326389984131207e-20
394420.6059437656 1.6602866948600308e-19
464158.8833612772 5.2885872839841e-19
546227.7217684337 1.7277382687781396e-18
642807.3117284318 5.5404374389475905e-18
756463.3275546291 1.7671595945435314e-17
890215.0854450373 5.694358673650823e-17
1047615.7527896641 1.8507332453636775e-16
1232846.7394420658 6.083026139564525e-16
1450828.7784959401 2.086980809357297e-15
1707352.6474706887 7.097121988442581e-15
2009233.002565046 2.510820129822256e-14
2364489.412645407 9.030234587744e-14
2782559.402207126 3.3626282897742304e-13
3274549.162877725 1.2313285976866912e-12
3853528.5937105273 4.619710696644545e-12
4534878.508128582 1.783851409324148e-11
5336699.231206302 7.01130524870257e-11
6280291.441834247 2.6403474165546095e-10
7390722.033525775 8.791540479074267e-10
8697490.026177835 1.8202418533471744e-09
10235310.218990248 1.8519352096801546e-09
12045035.402587812 1.3571902311337207e-09
14174741.629268046 9.1539745469576e-10
16681005.372000592 6.03126693175898e-10
19630406.50040268 3.9400522852813965e-10
23101297.000831578 2.544888335546209e-10
27185882.4273294 1.6381099487695186e-10
31992671.377973843 1.0560410457995027e-10
37649358.06792463 6.752387588928237e-11
44306214.575838774 4.313050319503408e-11
52140082.87999684 2.7384352623615553e-11
61359072.734131634 1.7432663451328826e-11
72208090.18385457 1.1096528977406166e-11
84975343.59086438 7.008735969713128e-12
100000000.0 4.467119623425542e-12
