0.0123671	205.739	-0.513499	100
0.0863954	204.652	-0.892313	100
0.00786897	367.487	-0.969872	100
0.0312091	84.3731	-1.32153	100
0.012077	307.199	-1.12612	100
0.0145373	283.616	-0.961865	100
0.0244195	450.277	-0.710054	100
0.00892979	232.236	-0.93302	100
0.0108983	164.22	-0.636573	100
0.0314162	157.234	-0.405499	100
0.00458737	3175.3	-1.45448	100
0.0351141	367.44	-0.164356	100
0.00667566	161.206	-0.938888	100
0.00982186	359.538	0.0402881	100
0.0190023	96.3936	-0.393579	100
0.0759622	56.8404	-0.458807	100
0.0451107	276.835	-0.469676	100
0.0420622	348.599	-0.714147	100
0.0193383	86.9072	-1.15909	100
0.10429	137.097	0.726989	100
0.0103178	442.629	-1.31213	100
0.0241113	377.082	2.45051	100
0.0242102	44.7419	-1.18795	100
0.473706	65.3676	0.138847	100
0.117617	92.7735	-0.107884	100
0.050699	95.1249	-0.824225	100
0.0547795	191.715	-1.01592	100
0.0330594	42.9827	-1.31554	100
0.00594169	371.477	-1.60608	100
0.00811234	325.861	-0.790163	100
0.182151	531.621	-0.147413	100
0.172326	219.447	-0.414252	100
0.00949347	240.412	0.390351	100
0.0134752	1680.34	-0.577916	100
0.0872073	159.511	0.251657	100
0.00620818	257.456	-0.977654	100
0.252854	539.295	-0.65018	100
0.00400854	422.927	-0.982881	100
0.0227033	703.928	0.279171	100
0.0925885	332.119	-0.372812	100
0.00979497	149.403	-0.957978	100
0.0434322	163.63	-0.101636	100
0.0326287	260.198	0.114703	100
0.0482259	69.0713	-0.210711	100
0.0265469	368.479	-0.292549	100
0.220711	98.4089	-0.639818	100
0.0105165	355.134	-1.18444	100
0.0032977	19437.3	-1.50237	100
0.0402441	219.153	1.22967	100
0.011519	399.678	-1.02448	100
0.0232747	350.763	-1.19447	100
0.222075	92.3637	-0.942715	100
0.0123963	636.652	-0.141109	100
0.0049733	773.497	-1.44336	100
0.0619841	358.13	-1.12932	100
0.0313992	353.866	-0.87425	100
0.00652041	3604.45	-1.25809	100
0.0481645	106.567	-0.871272	100
0.00956634	2749.84	-0.768949	100
0.00846676	177.922	-0.657251	100
0.00917437	207.808	-1.23077	100
0.0198567	490.708	-0.557848	100
0.16759	90.3917	-0.0620543	100
0.0143077	81.4332	-1.06979	100
0.0225405	497.067	-1.06197	100
0.0128176	367.508	-0.782577	100
0.0178185	230.944	-1.37165	100
0.056431	2158.82	-0.928004	100
2.712	95.2408	2.37661	100
0.0863354	57.766	-0.47997	100
0.00696413	290.194	-1.08608	100
0.0107874	2418.39	-0.921023	100
0.00293207	236.3	-2.00943	100
0.01157	470.641	-1.14158	100
0.00788424	267.807	-0.99558	100
0.00700659	436.94	-0.901045	100
0.0444255	181.768	-0.386753	100
0.0228363	82.4397	-1.19322	100
0.0195852	152.774	-0.149576	100
0.056356	341.637	-0.382978	100
0.0235473	87.3289	-0.895286	100
0.0496808	48.6544	-0.895852	100
0.222924	423.334	-0.431915	100
0.0243771	90.6771	-0.344557	100
0.0197498	497.509	-1.2979	100
0.0207761	396.957	-0.553065	100
0.0502313	302.298	0.624401	100
0.000973518	64.931	-2.003	100
0.0252081	255.167	-0.721803	100
0.0103447	122.509	-1.25764	100
0.236924	256.777	-0.37701	100
0.0101236	265.035	-0.0118092	100
0.00976674	1933.66	-0.993212	100
0.00502013	998.079	-0.496547	100
0.132153	140.627	-0.377748	100
0.0452366	80.6751	-0.435997	100
0.0119269	565.955	-0.974586	100
0.0323486	478.211	-0.189637	100
0.0363697	587.492	-0.808639	100
0.0426341	479.894	-0.497504	100
0.00587806	410.126	-1.24526	100
0.0137916	142.866	-0.735637	100
0.00388675	3021.64	-1.57496	100
0.345426	385.576	-0.51782	100
0.113709	216.415	2.01392	100
0.110796	60.4493	-0.109866	100
0.00642075	993.183	-0.69524	100
0.073968	89.5974	-0.12409	100
0.00395575	1110.65	-1.26834	100
0.630365	142.185	-0.583243	100
0.0467779	173.33	-0.999378	100
0.137888	282.579	-0.846294	100
0.0855773	192.334	0.181566	100
0.0242805	601.872	-1.06878	100
0.0969565	536.908	-0.813532	100
0.0357024	584.506	-0.194532	100
0.0114028	434.229	-0.295719	100
0.00609613	395.239	-0.546758	100
0.021901	190.585	-0.804922	100
0.0163601	167.262	-0.752715	100
0.131193	152.366	-0.142261	100
0.0624197	220.477	-0.661621	100
0.010975	419.253	-0.839314	100
0.174375	610.152	-0.71571	100
0.0375001	106.209	-0.0192681	100
0.00445872	282.546	-1.25812	100
0.0433202	89.4094	-0.802631	100
0.019769	178.314	-0.866117	100
0.0282826	154.108	-0.126253	100
0.0211102	252.727	-0.874653	100
0.0159775	101.133	-0.973519	100
0.00742072	595.055	-1.08911	100
0.192753	945.605	0.355351	100
0.0189066	143.726	-0.643792	100
0.165147	61.9444	-0.489455	100
0.0257179	449.489	-1.0303	100
0.00451972	681.506	-1.02411	100
0.0643257	449.811	-0.405192	100
0.105888	652.138	-0.758096	100
0.00737416	124.391	-1.13541	100
0.0136668	298.518	-0.75662	100
0.0102283	184.586	-0.743949	100
0.0507673	166.271	-0.611577	100
0.0692684	191.113	-0.968849	100
0.0165671	119.528	-0.933037	100
0.0401102	377.669	-1.13772	100
0.0871195	281.31	-0.573985	100
0.026479	552.186	-0.0672	100
0.00181279	103613	-1.31967	100
0.0393244	242.474	-0.404635	100
0.0389167	145.18	-0.132327	100
0.00791942	148.178	-1.27951	100
0.0505375	178.832	-0.325643	100
0.172708	89.6055	-0.45007	100
0.0571882	73.4821	-0.978029	100
0.0850615	98.9179	0.305574	100
0.00499175	605.787	-0.749668	100
0.00589783	527.635	-1.23001	100
0.043895	61.7061	-1.18184	100
0.022105	245.061	-0.0272722	100
0.158347	433.319	-0.894451	100
0.00341653	443.444	-1.00017	100
0.00988631	858.458	-1.29104	100
0.0140715	1238.31	-0.688985	100
0.00502394	233.437	-1.09138	100
0.0356237	33.2922	-1.73541	100
0.228089	119.117	2.15639	100
0.142036	62.146	-0.971886	100
0.0403088	145.113	-0.463955	100
0.0823011	88.7158	-0.184051	100
0.00685179	3047.59	-0.699057	100
0.0376223	210.057	-0.718161	100
0.0303891	355.833	-0.61674	100
0.0108993	623.322	0.195875	100
0.0522625	49.2125	-0.728261	100
0.0203493	152.829	-0.448566	100
0.182125	247.67	-0.456053	100
0.0262513	298.83	-0.832917	100
0.0429561	174.208	-1.13481	100
0.0326393	668.096	-0.87226	100
0.0461469	280.822	-0.388104	100
0.0237523	338.844	-0.557467	100
0.0143584	168.593	-0.574773	100
0.0883722	469.287	-1.05355	100
0.0199889	367.191	-1.00186	100
0.00835986	791.427	-0.93974	100
0.0152095	437.306	-0.624084	100
0.0233504	251.79	-0.589314	100
0.00755226	822.918	-1.15511	100
0.0896456	273.298	-0.324803	100
0.160762	126.96	-0.95976	100
0.0153259	531.679	-0.782997	100
0.00176795	51.6735	-2.00197	100
0.00544566	2347.14	-0.984099	100
0.271386	54.0738	0.621651	100
0.00272782	205664	-1.92064	100
0.166498	244.986	0.0104986	100
0.00761425	2715.62	-1.70246	100
0.00338211	5079.62	-1.38707	100
0.0309732	321.321	-0.816227	100
0.0424972	191.564	-0.479667	100
0.329664	389.503	-0.858035	100
0.0702441	46.3989	-1.11771	100
0.0051257	606.994	-1.25354	100
0.0204268	172.354	-0.948017	100
0.0177514	471.61	-1.19551	100
0.00262341	1549.99	-0.226452	100
0.0361881	390.65	-0.943323	100
0.024673	327.059	0.00939127	100
0.0230127	483.977	-0.904443	100
0.0177192	163.501	-0.646913	100
0.0127182	99.1053	-0.701881	100
0.0850532	2189.32	-1.4275	100
0.0245688	441.604	-0.725922	100
0.0201472	94.2626	-0.237521	100
0.0104355	455.89	-1.02181	100
0.0227219	223633	-1.61148	100
0.0608885	164.883	-0.994655	100
0.0222476	1886.71	-0.736574	100
0.0312898	239.101	-0.394781	100
0.0559054	73.293	-0.211934	100
0.100616	133.767	-0.780608	100
0.0937055	417.969	-0.575492	100
0.0307854	74.1551	-0.611728	100
0.0503304	525.117	-0.770596	100
0.0497451	56.6207	-1.169	100
0.0233251	530.618	-0.505548	100
0.0412818	61.721	-0.450802	100
0.0865269	512.767	-0.969974	100
0.0100754	885.768	-0.013378	100
0.00989033	279.975	-1.05757	100
0.025815	436.565	0.496123	100
0.0122544	258.454	-0.951182	100
0.0938937	172.506	-0.704445	100
0.00379805	1079.23	-0.607756	100
0.00826364	697.226	1.1658	100
0.0463366	37.3744	-0.994018	100
0.00570591	238.558	-1.495	100
0.344865	92.7592	-0.327929	100
0.0137006	85.8539	-1.09046	100
0.0534066	367.947	-0.587374	100
0.0248741	902.334	-0.527327	100
0.00367771	622.989	-1.71925	100
0.0123718	128.427	-0.720478	100
0.00379788	1.775e+07	-1.62743	100
0.00913265	365.09	-0.894586	100
0.00395572	386.427	-1.21949	100
0.009776	162.499	-1.27571	100
0.0325711	1409.99	-0.719246	100
0.0892022	511.467	-0.129565	100
0.00279134	85.7192	-2.003	100
0.16256	143.687	1.09209	100
0.0337453	711.833	0.0959538	100
0.00566788	552.259	1.551	100
0.036118	327.627	-0.433893	100
0.0104994	530.066	-0.190202	100
0.00749008	175.605	-1.29296	100
0.00824581	107.399	-1.11202	100
0.00812345	395.642	-0.545134	100
0.0367253	172.19	-0.222628	100
0.0157418	120.889	-0.74219	100
0.0880623	372.411	-0.435006	100
0.207726	65.082	-0.645096	100
0.0515934	206.28	-0.299438	100
0.934545	33.7531	0.367426	100
0.0670585	68.7607	-0.308733	100
0.0521819	1056.52	-0.29761	100
0.0650171	61.0125	-0.259575	100
0.080721	211.316	-0.513829	100
0.0416178	67.768	-0.811263	100
0.0337124	68.6282	-0.864592	100
0.0139347	564.517	-0.139196	100
0.128643	170.484	0.999451	100
0.00678623	8531.6	-1.2373	100
0.0565917	62.3422	-0.25789	100
0.00355116	2152.34	-1.45339	100
0.273476	268.435	-0.871729	100
0.0382717	432.439	-0.419387	100
0.0253697	85.7724	-0.677416	100
0.0315538	108.467	-0.622823	100
0.137117	920.011	-1.02735	100
0.0486103	93.2477	-0.292011	100
0.0103066	289.663	-1.29761	100
0.0559765	894.067	-0.803626	100
316.296	118.935	10.6478	100
0.0177878	253.199	-0.610602	100
0.0572503	95.2019	-0.17374	100
0.0368555	105.686	-0.360451	100
0.0240168	161.566	-0.739069	100
0.0747167	201.951	-0.0923673	100
0.0354636	160.058	-0.167632	100
0.0662434	163.482	-0.600308	100
0.00670202	354.393	-1.0708	100
0.347608	136.988	0.220788	100
0.0116766	659.681	-0.700181	100
0.0869468	86.622	-0.537594	100
0.00496912	102279	-1.73208	100
0.187688	74.7612	0.22142	100
0.0862507	318.953	-0.73748	100
0.0470718	119.805	-0.0676405	100
0.0168997	779.154	-0.355871	100
0.0145162	151.02	-1.05867	100
0.0102514	182.092	-0.866969	100
0.0365997	62.1049	-1.3849	100
0.0268435	163.908	-0.128278	100
0.0180936	393.934	0.168044	100
0.0310236	130.714	-0.683971	100
0.0615535	99.0983	-0.837988	100
0.112383	259.438	-0.651957	100
0.0294414	162.163	-0.692572	100
0.00335442	2139.46	-1.05024	100
0.00545754	837.062	-0.702567	100
0.0423895	510.342	-0.346153	100
0.0230861	403.277	-0.715665	100
0.0142362	413.066	-0.481064	100
0.0230236	713.866	-0.426553	100
0.0106451	255.043	1.61449	100
0.0126878	301.078	-1.06544	100
0.0332884	337.621	-0.805435	100
0.00880079	198.98	-1.51301	100
0.0163757	656.503	-1.20344	100
0.00654513	204.712	-1.3602	100
0.0101924	297.508	-0.854965	100
0.0610236	309.554	0.24372	100
0.00954524	550.45	-1.21675	100
0.0322617	317.409	-0.178529	100
0.0166497	104.247	-1.23571	100
0.0861683	346.85	-0.660586	100
0.0686672	408.299	-0.582979	100
0.00287931	56822.3	-1.80599	100
0.156703	393.988	-0.874476	100
0.0419978	1814.15	-0.507921	100
0.0333592	311.738	-0.809388	100
0.00323207	902.277	-1.17538	100
0.0129796	112.495	-0.525442	100
0.00538908	754.929	-1.53895	100
0.0236435	172.683	-1.01526	100
0.0655016	73.5229	-0.693483	100
0.00923691	225.628	-0.289423	100
0.00387175	1034.2	-0.967429	100
0.0876926	320.431	-0.798716	100
0.0399644	72.3025	-0.900166	100
0.0246182	1555.82	-0.487607	100
0.0058673	187500	-1.92667	100
0.103275	109.436	-0.880965	100
0.0141214	137.815	-0.942658	100
0.00834363	269.072	-1.32429	100
0.0377601	829.07	-0.824226	100
0.0178238	223.523	-0.970062	100
0.245455	126.218	-0.984258	100
0.165149	220.673	-0.444217	100
0.00616244	487.457	-0.985838	100
0.0357196	105.503	-0.732028	100
0.00272288	1224.33	-1.0445	100
0.121717	234.8	-0.679413	100
0.00449482	1719.63	-1.17908	100
0.0270695	768.308	-0.384161	100
0.00588633	144.171	-1.37727	100
0.00410388	716.631	-1.06493	100
0.029196	256.253	-0.621765	100
0.0143271	829.338	-0.754995	100
0.0381557	217.931	-0.816701	100
0.0160822	195.062	-1.05535	100
0.00351203	904.761	-0.320675	100
0.00768456	319.008	-1.31075	100
0.00495109	1267.39	-1.09019	100
0.041032	155.543	-0.523962	100
0.037875	155.895	-0.382722	100
0.0254318	115.736	0.145423	100
0.0124059	588.572	-0.959827	100
0.0112075	88.8987	-1.20013	100
0.00484119	325	-1.99468	100
0.00878927	997.759	-0.451812	100
0.0182782	308.839	-0.736831	100
0.0127741	78.2331	-1.27077	100
0.0412861	391.705	-0.470022	100
0.033521	173.178	-0.701653	100
0.0521484	108.703	-0.778893	100
0.00329932	3549.5	-1.46691	100
0.0231072	509.469	-0.201677	100
0.0188114	2547.42	-0.921689	100
0.00730782	951.338	-1.26708	100
0.00997717	1354.95	-0.843804	100
0.0117688	1074.07	-0.686127	100
0.0193118	529.527	-0.359094	100
0.0114015	266.943	-0.269022	100
0.0284766	226.017	-0.262061	100
0.0119254	213.146	-1.39898	100
0.0245729	1169.84	-1.1578	100
0.0127287	156.173	-0.672408	100
0.0179425	102.536	-0.981051	100
0.0609584	463.228	-0.772586	100
0.00617402	1037.96	-0.757623	100
0.0294082	1222.83	-0.745456	100
0.0391168	67.6897	-0.670547	100
0.00669798	199.796	-1.13697	100
0.0752191	120.42	0.124535	100
0.0637299	168.379	-0.35489	100
0.022547	96.4949	-0.797161	100
0.0116705	183.251	-1.22653	100
0.0294098	99.8271	-0.46709	100
0.368361	118.918	-0.172885	100
0.0694287	339.092	-0.140353	100
0.0227413	108.111	-0.58523	100
0.044334	369.272	-1.01466	100
0.0240276	762.439	-0.684044	100
0.0197913	47.5221	-1.2899	100
0.063648	158.283	-0.190059	100
0.00427716	134.261	-1.46574	100
0.142623	226.532	1.84422	100
0.0669642	82.8206	-0.248827	100
0.0108292	123.165	-1.25085	100
3.46297	98.8534	2.58763	100
0.0340236	195.743	-1.36824	100
0.0251747	323.071	-1.12485	100
0.0707657	358.218	-0.480491	100
0.081901	223.294	-0.653476	100
0.009715	215.167	-0.55147	100
0.0420623	128.733	-0.940288	100
0.00716488	544.11	-1.16457	100
0.00861522	336.307	-1.2019	100
0.03266	100.867	-0.332273	100
0.067796	357.785	-0.608196	100
0.0140112	768.577	-0.773466	100
0.00391475	511034	-1.33998	100
0.0710779	311.182	-0.244677	100
0.0447816	593.152	-0.66164	100
0.00744546	191.333	-0.350564	100
0.0914302	402.366	0.300464	100
0.0043694	1025.68	-0.48805	100
0.0848484	107.516	0.0269495	100
0.01646	97.6975	-0.943853	100
0.014013	145.573	-0.997676	100
0.0319217	530.2	-0.404248	100
0.00746465	933.747	-0.895932	100
0.00496824	833.167	-1.34413	100
0.0177413	226.885	-0.829567	100
0.0107558	299.621	-0.479836	100
0.104311	430.841	-0.916603	100
0.0255096	227.616	-0.168762	100
0.00432788	550.666	-1.39819	100
0.0237786	400.953	-0.8716	100
0.0247087	80.8638	-0.749511	100
0.0103832	1262.98	-1.1219	100
0.0352417	318.757	-0.76778	100
0.0137969	301.495	0.147165	100
0.011909	73.4634	-1.1847	100
0.0328698	1202.88	-0.601777	100
0.00348805	540.414	-1.32373	100
0.0854635	52.1854	-0.381104	100
0.0779847	128.923	0.0347435	100
0.481941	154.772	-0.759677	100
0.0186634	90.8172	-0.859029	100
0.00620496	1225.9	-0.578049	100
0.037022	114.06	-0.584395	100
0.0259384	226.629	-0.327351	100
0.0182468	125.134	-0.714844	100
0.00739657	271.154	-0.371085	100
0.030788	108.804	-1.04236	100
0.0637756	161.041	-0.700638	100
0.00387439	100562	-1.50225	100
0.011531	548.798	-0.991988	100
0.00758472	819.02	-0.754066	100
0.00493151	264.786	-1.34572	100
0.13467	234.902	-0.81948	100
0.00715171	2032.26	-0.511635	100
0.00839543	469.359	-1.27639	100
0.0130299	2610.5	-0.678702	100
0.0892632	155.157	0.0487095	100
0.0114611	72.7958	-1.56792	100
0.0477893	262.372	-0.841171	100
0.0338807	231.363	-0.644448	100
0.0571018	350.31	-0.598807	100
0.0775569	92.9029	-0.980257	100
0.122205	795.343	-0.703316	100
0.00523656	2203.91	-1.30585	100
0.00479519	2260.31	-1.32713	100
0.0342028	163	0.301301	100
0.0119479	94.6544	-1.07265	100
0.0157115	87.5458	-1.20436	100
0.00697507	108.994	-1.05755	100
0.0268488	687.492	-0.440384	100
0.0223358	154.376	-0.94229	100
0.00886788	479.401	-0.627831	100
0.0130549	139.751	-0.774285	100
0.090175	633.632	-2.04115	100
0.00892987	334.966	-0.936424	100
0.0711751	552.718	-0.895316	100
0.0889692	142.785	-0.706499	100
0.118941	203.338	-0.593614	100
0.11932	82.4352	0.359201	100
0.0581445	100.374	0.155524	100
0.185237	242.117	-0.978136	100
0.0619776	373.979	0.0859519	100
0.0219715	255.891	-0.354021	100
0.145545	276.446	-1.12595	100
0.0259054	435.116	-0.325884	100
0.0631707	197.904	-0.800822	100
0.00687113	232.596	-0.866485	100
0.0240292	324.206	-0.989112	100
0.0443552	559.159	-0.82557	100
0.00408112	2686.64	-1.65746	100
0.0390146	227.922	0.00539666	100
0.0560971	139.873	0.483781	100
0.0169043	286.388	-0.74384	100
0.0162192	1345.12	-0.748615	100
0.0610854	109.597	-1.36664	100
0.0088203	242.093	-0.563668	100
0.00202901	69.9883	-2.002	100
0.0125705	105.757	-0.880763	100
0.121163	180.823	-0.207224	100
0.0224823	461.987	-0.161641	100
0.0434295	143.698	-0.594355	100
0.213957	195.478	-0.688136	100
0.0260073	340.974	-2.02186	100
0.697077	55.4844	0.437033	100
0.00985505	203.524	-0.191402	100
0.00373048	61094.8	-1.48518	100
0.0381782	418.068	-0.265832	100
0.00980271	266.238	-0.402702	100
0.0129724	408.631	-0.533703	100
0.0285959	438.805	-0.569161	100
0.0680791	122.716	-0.627793	100
0.039576	82.7161	-0.872106	100
0.0365766	249.483	-0.960476	100
0.0287408	1137.15	-0.756538	100
0.0174381	385.694	-1.22454	100
0.00914946	175.243	-1.7012	100
0.0248912	304.645	-1.24967	100
0.165901	714.766	-0.339689	100
0.0266652	238.302	0.330589	100
0.0358931	253.391	-0.7891	100
0.0161029	102.961	-1.49496	100
0.0242951	594.727	-0.345363	100
0.0377366	137.477	-1.18846	100
0.00516025	261.729	-1.0869	100
0.0448904	545.456	-1.06643	100
0.0100967	295.185	-1.04989	100
0.377031	422.511	-0.810971	100
0.0209501	157.096	-0.633196	100
0.0341924	377.778	-0.728711	100
0.00263802	428.772	-1.73374	100
0.00408144	1487.99	-0.992476	100
0.0917016	467.043	-0.766661	100
0.00415538	56351.9	-1.76665	100
0.0449659	835.435	0.3923	100
0.085306	148.208	-0.641051	100
0.00441574	1688.87	-1.02047	100
0.00705355	14721.2	-1.39055	100
0.00852089	168.121	-1.50525	100
0.0031526	1217.09	-1.18887	100
0.00260415	1210.58	-0.280955	100
0.0106111	686.362	-0.568838	100
0.023688	807.616	-0.785663	100
0.0165382	242.904	-1.04198	100
0.0511945	835.355	-0.2899	100
0.0194397	103.173	-0.808223	100
0.0035604	4252.9	-1.42656	100
0.0173368	272.73	-0.293365	100
0.0153673	205.759	-1.27441	100
0.00848749	311.072	-0.586419	100
0.00197078	70.794	-2.003	100
0.0311462	768.023	-0.654961	100
0.0126038	215.169	-1.00659	100
0.0751057	53.1373	-1.18295	100
0.0113256	183.87	-1.3451	100
0.123715	170.275	-0.7433	100
0.00767701	89.9223	-1.08223	100
0.0553034	318.412	-0.543953	100
0.00454506	3223.86	-1.73467	100
0.923262	207.215	-0.265878	100
0.0249671	1495.4	-0.771694	100
0.128863	69.4651	-0.45836	100
0.0698878	408.974	-0.647994	100
0.00623925	168.255	-1.54609	100
0.0824739	73.4805	-0.868844	100
0.00731245	174.877	-0.761963	100
0.0273201	130.296	-1.015	100
0.0113687	286.484	-0.62072	100
0.0214374	190.978	-1.11336	100
0.0490134	193.598	-0.841537	100
0.0155987	219.228	-1.00409	100
0.0455082	75.4002	-0.0972759	100
0.0372166	99.753	-1.44747	100
0.4335	70.4058	0.08526	100
0.0204272	121.035	-0.832738	100
0.00549144	1086.23	-1.56145	100
0.0262515	874.354	0.201168	100
0.00821791	288.262	-0.713621	100
0.094309	176.305	-0.963199	100
0.0465972	370.598	-0.856663	100
0.0114096	244.537	-1.087	100
0.0126193	52.9785	-1.42546	100
0.00710808	664.04	-0.968917	100
0.00429883	87.4045	-1.39146	100
0.0231219	993.658	-0.901947	100
0.166717	76.3139	-0.426851	100
0.0190561	240.643	-0.905262	100
0.144545	140.554	-0.26018	100
0.00466409	493.449	1.24915	100
0.00199723	16623.2	-1.65058	100
0.0292419	617.677	-0.699359	100
0.0426861	341.797	-0.697693	100
0.00200985	975.411	-1.08345	100
0.00734763	330.999	-1.4754	100
0.0940696	293.526	0.4678	100
0.00908793	276.466	-0.870496	100
0.100517	573.676	-0.716134	100
0.0522486	184.608	0.0741259	100
0.00644561	457.328	-0.401066	100
0.0432961	251.211	-0.606579	100
0.0602999	444.054	-0.219316	100
0.188129	340.903	-0.5841	100
0.00297501	1252.21	-1.51462	100
0.0310068	228.723	-0.50233	100
0.00687794	520.835	-0.748889	100
0.152088	101.781	1.04721	100
0.241729	80.5734	-0.0510979	100
0.127081	78.4191	-0.244092	100
0.0321345	133.46	-0.482601	100
0.0251715	97.7833	-1.26214	100
0.00698972	210.087	-0.603607	100
0.00207355	1126.09	-0.503177	100
0.0884158	218.91	0.00687842	100
0.00654873	753.545	-1.07681	100
0.0136783	329.117	-0.938237	100
0.012975	866.456	-0.475677	100
0.0202758	185.841	-1.25855	100
0.0523378	184.937	-0.82038	100
0.0451425	123.648	-0.815619	100
0.0108437	3899.02	-1.03346	100
0.0981223	2623.3	-0.701728	100
0.0104767	278.989	0.221753	100
0.115603	299.475	-0.0180595	100
0.00928048	4205.03	-0.976843	100
0.0468895	204.573	0.112243	100
0.0450041	104.853	0.123151	100
0.0227351	1811.75	-0.908887	100
0.00320369	907.673	-1.22872	100
0.146243	938.38	-0.631841	100
0.153464	119.862	-0.0737898	100
0.0114087	946.539	-0.933849	100
0.0540563	234.532	-0.962606	100
0.00659031	14.0009	-1.79487	100
0.0316911	94.8709	-1.41386	100
0.0128188	106.014	-0.456068	100
0.0283189	544.771	-0.570909	100
0.0336933	536.156	0.0209792	100
0.0719137	177.436	0.380399	100
0.0329207	140.751	-0.615044	100
0.0121237	149.772	-0.915254	100
0.00792771	197.011	-1.09204	100
0.0246025	204.211	-0.719632	100
0.0253463	163.811	-0.27975	100
0.0796845	142.38	0.518764	100
0.00310964	3412.42	-1.53321	100
0.0420271	2158.12	-0.747062	100
0.0375986	79.8548	-0.875046	100
0.0472726	136.702	-1.17536	100
0.145188	997.625	0.393607	100
0.0128812	184.702	-1.21801	100
0.0638223	381.295	-0.734556	100
0.0191134	107.505	-0.946096	100
0.15223	130.53	1.60222	100
0.0213931	246.73	-1.26363	100
0.0226004	115.339	-0.92389	100
0.00503313	975.47	-0.55615	100
0.00366799	2558.17	-0.741109	100
0.00189278	6724.54	-0.78249	100
0.0104191	215.99	-1.05336	100
0.0198147	748.004	-0.946774	100
0.017833	409.168	0.80013	100
0.0632421	510.841	-0.518592	100
0.010616	431.638	-0.908145	100
0.0502336	253.13	-0.876662	100
0.00340026	1693.61	-0.869407	100
0.0159348	516.966	-1.12455	100
0.00970426	231.255	-0.71981	100
0.0255146	669.109	-0.754526	100
0.015301	336.218	-0.861675	100
0.288277	119.107	-0.35636	100
0.0148581	1363.52	-1.38354	100
0.27691	80.502	-0.0867374	100
0.0428145	278.97	-0.614829	100
0.371813	911.6	-0.240101	100
0.0420205	771.878	-1.42782	100
0.0365593	260.624	-0.546825	100
0.00789736	502.698	-0.369383	100
0.00800083	284.749	-0.815865	100
0.00721342	111.484	-0.843905	100
0.0066728	570.234	-0.713129	100
0.0253357	71.6432	-0.492544	100
0.040011	283.362	-1.03202	100
0.00737436	274.423	-1.21702	100
0.0483281	229.166	0.848928	100
0.0160955	160.085	-0.866484	100
0.103124	620.855	-0.729342	100
0.00972817	791.077	-1.37093	100
0.00515878	310.965	-1.04762	100
0.0516952	358.377	-0.293982	100
0.0339398	138.089	-0.257385	100
0.0925374	215.585	1.26076	100
0.021164	160.761	-0.931737	100
0.00470428	174.057	-1.24761	100
0.00779798	49.2424	-1.8389	100
0.0393175	66.4366	-0.565216	100
0.0176061	83.5684	-1.29615	100
0.307916	146.77	-0.631804	100
0.119749	174.365	-0.56414	100
0.0517191	63.7671	-0.622277	100
0.0255473	221.527	0.176992	100
0.0022465	291.006	-1.84329	100
0.00355152	264.982	-1.28172	100
0.150689	2066.73	-1.04799	100
0.0211723	266.461	-0.771119	100
0.00268793	635.903	-1.04163	100
0.0116596	118.803	-1.01247	100
0.00591269	845.34	-1.15913	100
0.0240242	88.4777	-0.70008	100
0.00417701	3170.1	-1.08706	100
0.0362065	117.428	-0.605697	100
0.00771648	139.338	-0.849378	100
0.0350583	166.153	-0.379066	100
0.0916166	125.904	-0.929555	100
0.00746654	171.526	-0.657356	100
0.0545044	427.428	-0.216789	100
0.00286829	806836	-1.62279	100
0.0241184	295.398	-1.85455	100
0.091659	103.267	-0.557288	100
0.051642	323.674	0.964144	100
0.00329291	162.325	-2.008	100
0.0101532	237.27	-1.0153	100
0.203744	170.754	-0.446276	100
0.014554	544.238	-0.717045	100
0.0120561	363.752	-0.677831	100
0.088843	149.501	-0.865327	100
0.0434079	101.287	-1.13279	100
0.0248722	81.6168	-0.450584	100
0.00976836	486.91	-0.88832	100
0.00581467	191.02	-0.83932	100
0.00653714	144.557	-1.02935	100
0.0469368	82.0819	-0.163662	100
0.031878	207.898	1.27649	100
0.0439879	82.5937	-0.807755	100
0.0122114	73.0855	-1.17748	100
0.0285173	341.931	-0.602119	100
0.192203	119.051	0.294595	100
0.031917	144.982	-0.32884	100
0.0200416	1091.98	-0.755496	100
0.00366923	7485.59	-1.43356	100
0.00188747	490125	-2.14022	100
0.024288	46.9258	-1.72196	100
0.0375013	182.473	-0.46342	100
0.0166163	592.309	-0.905227	100
0.0327438	1961.36	-0.376755	100
0.0343085	109.542	-1.04867	100
0.00926332	50.6079	-2.003	100
0.0197908	1955.5	-0.859936	100
0.0997197	74.3335	-0.430856	100
0.0566105	89.9389	-0.871919	100
0.00207206	1423.86	-1.41797	100
0.0575556	180.561	0.886693	100
0.123159	321.789	-0.444768	100
0.0626025	305.876	-0.314657	100
0.0477843	407.532	0.136796	100
0.0130029	1082.55	-0.937751	100
0.0490111	86.5128	-0.920875	100
0.00543016	353.944	-0.863635	100
1.06592	517.299	-0.154375	100
0.0255115	198.36	-0.960055	100
0.280513	94.0205	-1.1634	100
0.0114563	139.234	-1.01063	100
0.172898	251.43	-0.198803	100
0.0643377	258.682	-0.657289	100
0.0215735	660.168	-0.0857551	100
0.0108498	288.828	-1.05973	100
0.0161118	727.021	-1.08116	100
0.00453329	722.187	-0.402324	100
0.00901711	266.964	-0.953547	100
0.0635736	77.2383	-0.341719	100
0.012652	416.2	-0.644591	100
0.110451	32.0327	-0.774661	100
0.0205411	221.914	1.40715	100
0.074297	120.763	-0.90865	100
0.00259763	29237.5	-1.37804	100
0.00975263	263.489	-0.5272	100
0.0621193	1137.65	-0.362	100
0.00577502	131.621	-2.008	100
0.0275963	40.4188	-1.03323	100
0.123137	59.0911	-0.657276	100
0.057934	183.375	-0.296	100
0.00461457	1356.78	-1.61242	100
0.0557968	217.66	0.883914	100
0.00755567	140.903	-1.33375	100
0.0347571	939.792	-0.396361	100
0.00627403	626.048	-0.515724	100
0.00744749	111.497	-1.18877	100
0.0118732	80.2582	-1.40063	100
0.0216972	94.596	-0.796882	100
0.088976	97.6289	-0.494374	100
0.0494302	266.484	-0.451585	100
0.00793398	196.546	-0.711604	100
0.0248374	146.363	-0.606242	100
0.0465261	244.776	0.473135	100
0.0231581	1195.94	-0.106874	100
0.0511052	4306.34	-1.05136	100
0.0364893	101.069	-0.634655	100
0.0617673	151.221	-0.415319	100
0.00799292	686.079	-1.45495	100
0.00886857	1154.08	-0.863281	100
0.0732623	179.046	-0.590011	100
0.0193686	1357.73	-0.385051	100
0.0116744	175.517	-1.25856	100
0.0234441	953.696	-0.205036	100
0.381695	211.711	-0.527832	100
0.117413	153.068	0.766369	100
0.0194394	148.051	-1.10552	100
0.0202015	83.3626	-1.0796	100
0.0208771	37.587	-1.13965	100
0.0640818	151.517	-0.122354	100
0.0218119	171.102	-0.76434	100
0.00306033	5764.96	-1.75872	100
0.050471	146.271	-0.011034	100
0.00621957	10232.3	-1.51117	100
0.0076945	368.75	-0.591566	100
0.0545814	454.905	-0.293262	100
0.00971191	72.7184	-1.09143	100
0.0185684	313.152	-0.189505	100
0.0634703	158.746	-0.663535	100
0.0177225	94.9152	-0.870026	100
0.0455247	518.623	-0.848512	100
0.0155841	142.341	-1.01673	100
0.0628504	303.38	-0.14764	100
0.026757	190.877	-1.10364	100
0.00448545	525.241	-0.781198	100
0.0258403	776.679	-0.741609	100
0.00750354	134.466	-1.41687	100
0.0321155	98.6334	-0.119791	100
0.00319809	313411	-1.73706	100
0.266372	74.1933	1.24708	100
0.0378229	550.812	-0.529261	100
0.00837352	356.903	-0.945226	100
0.134655	95.9047	-1.01383	100
0.221811	89.2616	-0.486212	100
0.0141867	246.316	-1.05189	100
0.0329366	121.169	-0.695461	100
0.0351986	297.467	0.402963	100
0.00563591	196.327	-1.5673	100
0.0711615	187.491	-0.60633	100
0.0477843	442.233	-0.43386	100
0.132894	57.8015	0.0905538	100
0.0283474	195.096	-0.432528	100
0.0325011	579.771	-0.998126	100
0.104707	92.0377	-0.556026	100
0.0408214	1239.16	-0.145885	100
0.00719314	332.094	-0.984362	100
0.062311	266.246	-0.743932	100
0.133197	87.9119	-0.8619	100
0.803473	21.7715	-0.6676	100
0.0155933	402.544	-0.980852	100
0.028584	301.923	-0.933214	100
0.380045	110.767	-0.826258	100
0.00341245	545.873	-0.708671	100
0.0146323	168.918	-0.710979	100
0.0781011	800.983	-0.457476	100
0.0101933	170.464	-0.708616	100
0.0117878	360.061	-0.911049	100
0.00329518	515.482	-0.765626	100
0.0268737	311.886	-0.73704	100
0.225275	143.854	-0.801071	100
0.0232674	455.619	-1.0169	100
0.0869848	106.882	-0.350677	100
0.00281491	184.849	-2.01054	100
0.021255	85.9053	-0.930962	100
0.00325995	713.707	-0.862016	100
0.00839285	243.731	-1.52206	100
0.0304854	121.173	-0.410719	100
0.0196253	719.94	-0.504189	100
0.0371241	91.442	-0.762661	100
0.01125	149.597	-1.08326	100
0.0147542	70.8107	-1.04121	100
0.00802551	881.729	-0.383107	100
0.0161946	312.502	-0.450434	100
0.00836685	192.297	-0.97939	100
0.0173787	137.366	-0.786343	100
0.0258875	892.852	-1.03461	100
0.00322227	811523	-1.74464	100
0.103367	333.986	-0.692627	100
0.121716	260.6	-0.0885747	100
0.131267	170.499	-0.475174	100
0.0261639	276.233	-1.14255	100
0.0144631	3208.53	-0.875723	100
0.00928028	179.908	-1.06392	100
0.0198536	85.7248	-0.593598	100
0.0972306	257.86	-0.444559	100
0.0232421	1167.57	-0.31931	100
0.109294	329.012	-0.839912	100
0.0548634	615.663	-0.811085	100
0.0160243	113.083	-0.347378	100
0.593633	99.3523	1.60367	100
0.0321562	164.926	-0.39348	100
0.0106106	345.405	-1.29553	100
0.219456	119.757	-0.325975	100
0.0136609	207.909	-0.702482	100
0.0709481	490.02	-0.862513	100
0.0256987	388.828	-0.631657	100
0.047539	30.1203	-0.5	100
0.00709911	453.165	-1.05934	100
0.00519991	240.237	-1.26206	100
0.00755899	119512	-2.07934	100
0.0196678	120.489	-0.383317	100
0.374199	119.301	-0.378271	100
0.76983	61.0066	1.02605	100
0.00905591	43.947	-1.60496	100
0.00297628	448.786	-1.02509	100
0.0303913	333.357	-0.0702371	100
0.00329438	972.808	-1.15107	100
4.31286	72.9475	1.99848	100
0.0967143	326.031	-0.62315	100
0.969491	25.7262	-0.22744	100
0.0227351	421.657	0.6078	100
0.0198084	217.246	-1.01648	100
0.00870558	9634.43	-1.55523	100
0.0214286	241.396	-0.412477	100
0.00495531	1595.19	-1.16872	100
0.024129	86.3874	-0.638334	100
0.153683	69.9056	0.76054	100
0.00551074	644.334	-1.0018	100
0.0555579	134.721	-0.963144	100
0.0215642	584.054	0.194207	100
0.0449154	192.782	-0.419076	100
0.400458	360.632	-0.900585	100
0.0164542	183701	-2.02259	100
0.107624	87.0022	-0.54027	100
0.0995424	121.95	-0.412205	100
0.0234502	620.057	-0.822353	100
0.157947	58.1766	-0.643091	100
0.0265682	242.171	-0.895434	100
0.0162897	111.959	-0.915592	100
0.00332894	910.211	-0.68822	100
0.00746544	181.233	-1.47066	100
0.0621199	328.383	-0.912801	100
0.0050617	4.99008e+06	-1.53408	100
0.0162073	508.103	-1.19555	100
0.0130556	776.787	0.0389	100
0.116193	522.411	-0.500646	100
0.123665	206.623	5.17767	100
0.0532899	160.739	-0.582941	100
0.035938	419.144	-0.499981	100
1.79841	46.54	1.45885	100
0.012629	615.007	1.31335	100
0.00367288	1144.41	-1.26157	100
0.0985775	130.811	-1.11107	100
0.0222827	200.925	-0.33025	100
0.0220676	133.881	-0.935624	100
0.0178664	1898.09	-0.847714	100
0.0124545	244.422	-0.771275	100
0.0162124	142.093	-0.942038	100
0.0354191	87.9234	-0.733833	100
0.0113023	181.35	0.0282771	100
0.0120235	981.91	-0.8118	100
0.0190383	192.546	0.320754	100
0.264628	109.39	0.0714749	100
0.00829843	345.979	-0.701657	100
0.021634	338.442	-0.984728	100
0.015814	202.962	-0.648732	100
0.048853	140.652	-0.495263	100
0.0070703	295.749	-1.08195	100
0.0245212	47.0042	-1.35019	100
0.00682681	160.685	-0.900287	100
0.168812	417.655	-0.677818	100
0.00689766	1251.22	-0.419378	100
0.0031818	5773.32	-1.10916	100
0.0338256	597.151	-0.582117	100
0.0220797	1723.59	-0.658733	100
0.0421239	98.2404	-0.428508	100
0.00692815	336.988	-1.49851	100
0.0216349	348.438	-0.833065	100
0.0497767	208.646	-0.359379	100
0.0287194	673.165	-0.632876	100
0.00693578	164.43	-1.2261	100
0.00563624	373.556	-0.341485	100
0.0843943	459.361	-0.429069	100
0.112389	136.668	-0.877239	100
0.0311409	1736.74	-0.830831	100
0.0549566	366.493	0.263327	100
0.0573026	67.7715	-0.906973	100
0.0116591	364.909	-0.879487	100
0.0542215	327.55	-0.518565	100
0.0264711	304.612	0.369323	100
0.0109778	178.392	-1.20884	100
0.0161192	125.601	-0.989614	100
0.0131557	90.7664	-1.28524	100
0.00852043	50.0283	-1.50279	100
0.044163	604.547	-0.214534	100
0.00483513	2902.24	-0.975755	100
0.0111251	113.926	-1.16828	100
0.0100867	194.503	0.0242295	100
0.0224526	66.9314	-0.926163	100
0.0329633	121.12	-0.693045	100
0.0439824	153.668	-0.744454	100
0.0250933	628.106	-0.192323	100
0.02492	115.873	-1.01069	100
0.167566	1752.85	-0.658743	100
0.0556124	475.793	-0.792068	100
0.00400965	4855.99	-1.67678	100
0.0140721	207.428	-0.941402	100
0.348116	91.7609	1.60494	100
0.0231593	244.759	-0.752841	100
0.00698774	164.138	-1.06287	100
0.0105142	1727.91	-0.338914	100
0.0586111	831.671	-0.910055	100
0.0265229	217.358	-1.05806	100
0.0224818	297.731	-0.897592	100
0.00393705	415.353	-1.03555	100
0.00326708	1118.59	-0.456615	100
0.130369	200.997	-0.44288	100
0.0395776	1.43812e+06	-2.20535	100
0.00750147	292.661	-1.12749	100
0.00613016	359.03	-0.521252	100
0.00993505	305.855	-0.30068	100
0.104798	1399.5	-0.468675	100
0.043469	54.8186	-0.388503	100
0.00272765	3631.21	-1.63989	100
0.0319917	166.097	-0.732231	100
0.0103794	81.6172	-1.2831	100
0.0204772	158.773	-0.877416	100
0.00597822	903.433	-0.260956	100
0.0804	670.332	-0.187687	100
0.0196353	3526.67	-1.23017	100
0.0162061	291.681	-0.820349	100
0.0252831	56.3521	-0.846836	100
0.0690147	142.395	-0.939454	100
0.81607	87.9193	-1.11574	100
0.0977525	351.264	-0.738729	100
0.0410368	664.517	-0.949159	100
0.0544558	181.081	-0.93346	100
0.0146927	402.036	-0.858972	100
0.119473	411.7	-0.0908636	100
0.0885165	150.588	0.482506	100
0.0259961	2015.31	-1.03354	100
0.0550332	273.13	-0.845523	100
0.0657633	130.886	-1.13963	100
0.0550264	97.0506	0.0187012	100
0.0211729	807.114	-0.648083	100
0.080173	82.4241	-0.084459	100
0.0248114	230.359	-0.92842	100
0.00453075	76.7503	-1.61897	100
0.0445106	287.167	-0.636048	100
0.0132788	929.453	-0.358111	100
0.0150747	224.162	-1.04072	100
0.012506	75.6428	-1.48784	100
0.0332126	615.805	-0.336958	100
0.19377	189.498	-0.661054	100
0.0163738	325.585	-0.734756	100
0.00653515	318.501	-0.464203	100
0.0550921	98.7106	-0.48974	100
0.0146895	619.396	-0.59425	100
0.0981254	125.885	0.638608	100
0.0791713	124.357	-1.09931	100
0.0842724	177.667	0.569256	100
0.00839563	217.492	-1.0265	100
0.063383	109.057	0.0749546	100
0.0353822	125.845	-1.199	100
0.291964	928.785	-0.999399	100
0.0104626	99.5973	-1.46432	100
0.0140691	261.08	-1.44554	100
0.00729411	229.091	-0.785562	100
0.0313139	212.951	-0.956794	100
0.00397254	379.332	-1.50747	100
0.00750921	134.02	-0.743755	100
0.128235	80.0481	-1.42645	100
0.024018	289.814	-0.431109	100
0.0381606	210.301	-0.549358	100
0.0314096	144.698	-0.226158	100
0.0131995	336.607	-0.316028	100
0.0186379	349.206	-0.885567	100
0.0462361	1939.48	-0.646599	100
0.00700284	516.169	-1.09327	100
0.20529	129.939	-0.707769	100
0.0170591	212.321	-0.852306	100
0.0604638	169.724	-0.542057	100
0.00935113	332.857	-0.748113	100
0.015896	156.038	-0.636512	100
0.0336536	177.915	-0.487253	100
0.0213579	341.721	-0.862045	100
0.00942468	190.563	-0.778187	100
0.00971465	119.256	-1.07989	100
0.0566402	614.852	-0.784487	100
0.0413652	210.498	-0.138378	100
0.00146171	103.918	-2.00383	100
0.256112	110.375	-0.534751	100
0.00162656	106.78	-2.0026	100
0.0223106	629.658	-0.247096	100
0.0048296	9914.39	-1.11177	100
0.302715	347.573	-0.838296	100
0.0129179	113.708	-1.02686	100
0.0480188	46.7591	-0.534913	100
0.0297324	102.729	-0.361756	100
0.0759833	248.567	-0.612845	100
0.080001	240.033	0.159302	100
0.0398211	278.362	-0.893994	100
0.0374928	276.242	-0.537592	100
0.00477514	513.368	0.0336992	100
0.00602112	862.116	-0.344973	100
0.0113384	176.667	-0.932149	100
0.00647645	230.557	-0.993732	100
0.00741163	183.013	-0.818529	100
0.0196011	382.323	-1.06284	100
0.0151431	113.874	-0.970551	100
0.00566627	345.944	-0.160135	100
0.0559421	79.1923	-0.0640854	100
0.699506	81.3402	1.40279	100
0.0405095	494.01	-0.216719	100
0.0514893	146.533	-0.588193	100
0.00384034	1578.34	-0.807035	100
0.0196646	216.854	-0.338776	100
0.212652	152.646	-0.752631	100
0.00635092	2626.45	-0.716905	100
0.0416919	252.585	2.10413	100
0.0943483	290.513	-0.706982	100
0.00292376	439.973	-1.66239	100
0.0389213	321.996	-0.63644	100
0.0162707	90.9894	-0.822837	100
0.0246386	80.8944	-0.661933	100
0.0480738	452.489	-0.622876	100
0.0293066	156.652	-1.14972	100
0.0599748	511.304	-0.712449	100
0.0173086	226.061	-0.898121	100
0.0236152	106.846	0.0219988	100
0.0106086	85.0293	-1.1799	100
0.015641	159.866	-0.753217	100
0.0820297	146.01	-0.711133	100
0.0541386	198.209	-0.412707	100
0.032286	91.2279	-0.593566	100
0.00380268	346.326	-1.21417	100
0.101574	298.297	-0.723767	100
0.00331069	1706.69	-1.0369	100
0.0175525	247.928	-0.247761	100
0.0419155	345.577	-0.861424	100
0.0374561	271.018	-0.607927	100
0.0303144	122.905	-0.92605	100
0.0322096	155.393	1.22775	100
0.0105602	625.91	-1.12937	100
0.00898859	453.136	-0.960307	100
0.00551735	740.844	-1.05076	100
0.00352577	352.722	-0.450865	100
0.0128827	187.699	-1.20357	100
0.0253815	254.882	-0.448207	100
0.0293868	77.6141	-1.12185	100
0.0466036	1322.35	-0.533948	100
0.0430825	280.249	-0.954277	100
0.0114635	222.119	-1.01433	100
0.0454151	877.686	-0.75984	100
0.054919	589.171	-0.598342	100
0.14405	97.727	1.46331	100
0.0223314	281.004	-1.20245	100
0.00769165	261.029	-0.73215	100
0.0511741	1408.54	-0.688412	100
0.272363	252.391	-0.605621	100
0.00828579	304.755	-1.68276	100
0.0190433	404.112	-1.02281	100
0.0275207	70.6228	-0.942574	100
0.0227701	260.984	-1.23842	100
0.0679058	118.266	0.554808	100
0.0120324	244.258	-1.09365	100
0.0531608	263.258	-0.547034	100
0.034859	1866.1	-0.989257	100
0.0140628	320.468	-0.93036	100
0.0443942	76.5244	-0.491245	100
0.00948006	134.985	-1.0769	100
0.116278	581.267	-0.73912	100
0.0349808	213.411	-1.43896	100
0.486313	351.115	-0.889416	100
0.0398839	565.808	-0.324689	100
0.0206206	176.734	-0.970131	100
0.0347884	86.4135	-0.99082	100
0.0262132	123.822	-0.114879	100
0.0119122	167.7	-0.703648	100
0.0277088	150.809	-0.528033	100
0.00596366	64849.9	-2.12893	100
0.0137078	499.502	-0.866499	100
0.0037771	493.783	-0.838398	100
0.0151328	189.179	0.216956	100
0.0160177	684.873	-1.17797	100
0.0176598	125.86	-0.586163	100
0.0967177	51.6609	-0.57363	100
0.0196807	133.2	-1.22283	100
0.106614	206.633	0.493424	100
0.0227101	915.381	-0.624451	100
0.00336569	2640.83	-1.42017	100
0.0964702	107.673	0.196668	100
0.00389791	1833.71	-1.35924	100
0.074167	87.928	-1.22714	100
0.0641728	224.942	-0.134455	100
0.00660022	11985.8	-1.33815	100
0.0748397	671.304	-0.523272	100
0.00780824	395.889	-0.773171	100
0.035868	501.529	-0.284446	100
0.0320339	1244.56	0.298719	100
0.0036704	2005.72	-1.52085	100
0.125022	755.577	-0.880864	100
0.0178647	170.351	-0.803299	100
0.00761481	118.831	-1.22913	100
0.022367	1111.85	-0.318189	100
0.0257624	225.819	-0.801736	100
0.0216011	483.655	-0.473375	100
0.00875481	140.916	-0.86152	100
0.0085301	468.985	-0.425327	100
0.00730023	150.496	-1.0189	100
0.288976	55.5037	-0.44039	100
0.0105097	106.486	-1.48088	100
0.018828	1013.53	-0.289885	100
0.00618759	443.193	0.360662	100
0.0566642	140.145	-0.371486	100
0.0118205	156.614	-0.420711	100
0.100808	1056.82	-0.623265	100
0.0337659	131.889	-1.13129	100
0.172844	63.8906	0.353466	100
0.0188578	1807.12	-0.722926	100
0.0291432	166.723	-0.546969	100
0.0265994	478.567	-0.813086	100
0.0119052	113.132	-0.628021	100
0.0261853	318.384	-0.530597	100
0.00977258	348.893	-1.53753	100
0.0160478	293.272	-0.98946	100
0.0571448	78.4488	-0.729617	100
0.192505	545.589	-0.604157	100
0.129103	65.6542	-0.219045	100
0.0163698	149.703	-1.15696	100
0.0269211	665.991	-0.903714	100
0.104393	103.467	-0.221629	100
0.00312389	379.532	-1.32801	100
0.00855009	1253.79	-0.619807	100
0.0298416	322.694	-1.09243	100
0.0093005	1307.77	0.154282	100
0.0367103	173.521	-0.0311093	100
0.010554	92.567	-2.002	100
0.0136921	261.747	-0.866169	100
0.00989228	195.495	0.326972	100
0.0606258	943.428	-0.211194	100
0.00938629	511.764	-0.786616	100
0.0267022	59.1814	-1.49958	100
0.00968594	1652.63	-1.26636	100
0.0697886	157.62	-0.354093	100
0.0055186	1029.6	-0.657566	100
0.0442719	461.905	-0.496044	100
0.0429374	231.214	-0.797884	100
0.0306486	134.877	-1.08417	100
0.0204129	144.378	-1.05985	100
1.13872	79.9077	0.597698	100
0.011746	209.583	-0.580754	100
0.0190837	115.845	-1.16077	100
0.0651787	87.5561	0.254469	100
0.0546241	259.728	-1.08754	100
0.0175739	190.951	-1.20697	100
0.00876669	171.971	-0.817903	100
0.0146258	351.698	-0.985644	100
0.0110819	241.281	-0.57124	100
0.334636	269.04	-0.756925	100
0.0746452	79.6908	-0.369917	100
0.0478513	265.988	0.112207	100
0.551531	1253.38	-0.766029	100
0.031536	341.859	-0.910038	100
0.0156014	46.4727	-0.919057	100
0.0261319	190.482	-0.585413	100
0.0264061	308.164	-0.779779	100
0.244249	58.1225	-0.222752	100
0.0294465	38.6063	-1.50083	100
0.172055	4231.1	-0.71623	100
0.00585293	566.352	-1.386	100
0.0175045	2087.83	-0.953192	100
0.0118187	124.575	-1.03	100
0.037972	251.654	-1.12196	100
0.050701	51.0919	-1.12425	100
0.00549958	630.193	-1.43321	100
0.00923335	223.699	-1.36119	100
0.0815276	55.978	-0.409877	100
0.0662756	99.3866	-0.18167	100
0.0343973	197.423	-0.489916	100
0.0491093	284.649	-0.545593	100
0.0915404	1399.93	-0.423641	100
0.0380104	549.972	-1.03628	100
0.885382	78.4559	0.316294	100
0.0237303	139.515	0.610426	100
0.0251295	97.6682	0.0639585	100
0.162453	79.2626	0.519291	100
0.0160645	73.6509	-0.951166	100
0.0467802	202.523	-0.832227	100
0.0194969	132.173	-0.335044	100
0.0201367	79.1925	-1.4719	100
0.0202334	100.887	-0.697463	100
0.0161414	328.132	-1.07995	100
0.0046645	1249.09	-1.39312	100
0.00571941	683.223	-0.727978	100
0.0110817	794.412	-0.922764	100
0.0125543	362.046	-0.999122	100
0.0626307	88.9912	-0.41286	100
0.0271117	214.088	-1.44671	100
0.0736646	522.475	-0.753461	100
0.0133241	386.269	-0.962536	100
0.0734529	131.205	-0.785472	100
0.0593899	467.523	0.201288	100
0.00631676	154.632	-0.709724	100
0.0239013	429.219	-0.862144	100
0.0517294	788.523	-0.824993	100
0.0489259	59.6194	-0.940064	100
0.0196592	392.009	-0.616359	100
0.049935	174.273	-0.635389	100
0.00466474	409.222	-1.70253	100
0.0382117	221.139	-1.37041	100
0.0318666	229.522	-0.457783	100
0.0756696	116.522	-0.717523	100
0.00784922	185.668	-1.00811	100
0.00699193	2299.53	-1.24733	100
0.00764062	175.898	-0.983566	100
0.0439793	169.018	-0.834008	100
0.00802242	207.146	-0.845407	100
0.0686861	483.923	-0.744671	100
0.0115524	116.059	-0.982234	100
0.0169496	1747.08	-0.991066	100
0.0139528	979.615	-0.44504	100
0.0101757	347.445	-0.405203	100
0.00459993	373.834	-0.92965	100
0.0196208	795.642	-1.26519	100
0.0135273	133.343	-1.22954	100
0.00574794	6587.37	-1.58432	100
0.0060074	1065.21	-1.10818	100
0.00276487	9429.22	-1.30183	100
0.0649536	117.866	-0.368646	100
0.117231	179.18	-0.579372	100
0.0149788	147.455	-0.28505	100
0.01103	7993.06	-1.1257	100
0.00439203	196.115	-1.16923	100
0.0124695	393.119	-0.0493312	100
0.0118156	144.965	-0.741274	100
0.00705493	410.603	-1.02249	100
0.0470367	373.389	0.194236	100
0.00381144	502.658	-1.36721	100
0.0959827	57.4006	-1.13504	100
0.0511279	71.5364	-0.60178	100
0.0296783	255.34	-0.732932	100
0.0089592	86.4207	-1.13753	100
0.0116545	411.055	-0.955722	100
0.0863419	52.167	-0.62013	100
0.00135758	14643.6	-0.735485	100
0.0152907	450.699	-0.523012	100
0.0147725	127.091	-1.6036	100
0.377789	129.766	-0.197127	100
0.00478789	2509.31	-1.76028	100
0.0246501	175.208	-0.212592	100
0.00258551	34278.8	-1.78046	100
0.00269593	453.432	-1.93368	100
0.0113026	165.78	-2.008	100
0.006574	136.374	-0.832298	100
0.00388979	848.81	-1.40885	100
0.00959417	334.168	-0.0205576	100
0.151734	390.632	-0.228556	100
0.00575553	565.562	-0.996922	100
0.0410842	321.301	-0.193532	100
0.0515801	2386.85	-0.606921	100
0.26596	45.8629	-0.590561	100
0.0332728	133.192	-1.33843	100
0.0157056	132.082	-0.796616	100
0.248334	79.2437	-0.539898	100
0.0214328	196.443	-0.566153	100
0.0127289	152.165	-1.14628	100
0.00222212	770.913	-1.42282	100
0.025422	140.367	-1.33495	100
0.0548877	1249.18	0.0174149	100
0.0103085	1040.22	-1.42163	100
0.0120307	1856.42	-0.506124	100
0.358384	22.0406	-0.5	100
0.00945328	222.898	-1.26181	100
0.0416315	297.755	-0.575951	100
0.0853915	668.77	-0.320884	100
0.0347097	160.176	-0.383161	100
0.0433568	78.2931	-0.483129	100
0.00622249	9704.56	-1.42155	100
0.02096	100.249	-0.731353	100
0.303795	228.263	4.28717	100
0.061788	592.984	-0.874353	100
0.0625403	95.2039	0.549806	100
0.0527674	188.805	0.60142	100
0.0113	262.19	-0.143179	100
0.0219427	618.6	-0.886823	100
0.0177645	10113.4	-2.6956	100
0.0203403	212.393	-0.403547	100
0.0378767	625.682	0.365094	100
0.240776	104.191	-0.0148489	100
0.0522317	328.991	1.62688	100
0.0246421	189.8	-0.846988	100
0.0506247	890.832	-0.966062	100
0.0302174	98.5768	-0.622622	100
0.0149453	736.912	-1.17774	100
0.0208407	354.552	-0.941293	100
0.0938489	101.448	-0.0056234	100
0.00458535	30661.2	-1.37088	100
0.0106521	181.657	-1.01364	100
0.0382003	1780.61	-1.00935	100
0.0033986	7290.66	-1.0916	100
0.0189321	1.39654e+07	-2.12702	100
0.278834	428.593	-0.031007	100
0.0384423	703.407	-0.311119	100
0.0258234	66.5425	-1.10822	100
0.00932733	219.056	-1.24174	100
0.0618572	212.733	-0.40334	100
0.0850232	149.568	-0.297805	100
0.00600721	360.361	-0.717841	100
0.00822891	569.414	-0.278873	100
0.00180554	3388.88	-1.36377	100
0.0182697	197.276	-0.549585	100
0.0474441	374.074	-0.626436	100
0.0113884	828.448	-0.0624579	100
0.215104	400.823	-0.755713	100
0.00983818	302.5	-0.962631	100
0.0128239	181.252	-0.785663	100
0.0369152	62.2679	-1.0874	100
0.00954651	104.367	-1.25974	100
0.00547783	42.8751	-1.4574	100
0.0327865	287.237	0.278102	100
0.0643125	572.346	0.654407	100
0.040455	48.791	-1.01773	100
0.0165398	101.651	-1.02369	100
0.0116896	396.89	-1.49754	100
0.00949404	15829.8	-1.70865	100
0.00924326	282.639	-0.26303	100
0.0413316	1095.39	-0.00352544	100
0.0299723	105.113	-0.69658	100
0.0211695	101.385	-0.641627	100
0.10196	74.2078	-1.04919	100
0.0112301	321.57	-0.529453	100
0.0883179	219.001	-0.96842	100
0.0897814	128.97	-0.860707	100
0.0264093	47.1294	-1.1354	100
0.002125	5870.36	-1.52343	100
0.123088	208.308	-0.532298	100
0.0384815	106.714	-0.292997	100
0.0113618	341.157	-1.06913	100
0.00343472	1066.59	-1.53668	100
0.0123053	64.2776	-1.19538	100
0.385362	207.916	-0.862917	100
0.0756291	222.315	-0.628154	100
0.079833	191.189	-1.09443	100
0.0368781	101.263	-0.439101	100
0.0236756	725.807	-0.364473	100
0.796123	74.623	0.346597	100
0.0589015	395.966	-0.547245	100
0.012015	93.1157	-1.23305	100
0.0178045	2396.32	-0.737664	100
0.0120751	612.16	-0.811381	100
0.0456931	1024.95	-0.655096	100
0.0151425	144.667	-0.635496	100
0.018864	217.648	-0.809423	100
0.0109574	162.191	-0.974596	100
0.0032442	1523.63	-1.66049	100
0.0406003	66.651	-1.1213	100
0.0390565	157.05	0.674597	100
0.0844667	113.953	-0.869261	100
0.0163353	342.62	-0.97045	100
0.00153083	967459	-1.63341	100
0.0221211	534.039	-0.512003	100
0.00590159	110.559	-1.16367	100
0.00627466	100.364	-1.04174	100
0.0246849	99.2982	-0.603376	100
0.0289142	114.025	-1.03234	100
0.0795854	200.949	-0.769005	100
0.0246186	80.5243	-0.60729	100
0.00292178	133.378	-1.61594	100
0.00862296	65.271	-1.47183	100
0.0805042	220.34	-0.72355	100
0.0245655	429.26	-0.322961	100
0.0499036	100.55	-1.40246	100
0.104574	207.837	-0.838301	100
0.0148224	180.969	-0.58605	100
0.0277141	197.754	1.45744	100
0.0674601	392.746	-0.697792	100
0.016722	368.121	-0.94157	100
0.950672	75.7898	-0.891	100
0.105364	77.7441	-0.644593	100
0.00564953	258.01	-0.915954	100
0.119909	194.819	-0.44966	100
0.00534018	160.725	-0.887068	100
0.00384965	6205	-1.57117	100
0.757963	202.389	7.4734	100
0.0094207	965.136	-0.738696	100
0.0174271	1591.25	-0.499919	100
0.0622219	91.2905	-0.706188	100
0.00339326	2952.07	-1.54228	100
0.017179	440.632	-0.671847	100
0.00157981	101180	-2.15812	100
0.0676071	98.6383	-0.585665	100
0.0589544	155.349	0.0187536	100
0.026239	109.483	-1.07774	100
0.0187379	2009.64	-0.790258	100
0.0130317	153.181	-1.13033	100
0.00434831	259.011	-0.852644	100
0.0367912	312.655	-0.531838	100
0.0304457	257.04	-0.764792	100
0.232014	315.443	-0.817289	100
0.0354227	143.566	-0.131112	100
0.0255129	901.331	-0.736943	100
0.0462551	98.2478	-1.09101	100
0.0119865	2095.43	-0.797033	100
0.0152098	781.981	-0.26453	100
0.108626	74.4338	-1.26893	100
0.0145334	1163.51	-0.600812	100
0.00556718	426.42	-0.45545	100
0.00451249	618.389	-0.661632	100
0.00979879	132.651	-0.767926	100
0.00676407	1654.65	-1.22892	100
0.13411	187.34	0.643421	100
0.0152435	1606.3	-0.766349	100
0.00417003	6097.64	-1.21202	100
0.0269149	674.69	-0.636132	100
0.0227545	1791.9	-0.703273	100
0.0654548	420.189	-0.384503	100
0.010343	205.744	-1.21579	100
0.0715591	122.557	-0.377472	100
0.0133369	1470.39	-0.901788	100
0.0031943	1063.31	-0.745349	100
0.0170264	250.471	-1.11144	100
0.0439288	1135.05	-0.99391	100
0.0969221	424.1	0.138415	100
0.0124316	108.682	-1.42353	100
0.00957795	272.75	-0.61583	100
0.0142383	1703.05	-0.646722	100
0.442148	57.5617	-0.726918	100
0.0168316	118.588	-1.16724	100
0.0173165	348.324	-0.83133	100
0.172579	140.697	0.301791	100
0.0495029	672.569	-0.806144	100
0.0163209	139.071	-0.815508	100
0.0301115	108.192	-0.164968	100
0.0393411	67.9437	-0.541532	100
0.00444139	382.094	-1.2923	100
0.0247452	1168.73	-0.758934	100
0.0167546	105.736	-0.865347	100
0.0183751	310.163	-0.65766	100
0.0203959	541.558	-0.666726	100
0.0142191	496.019	-0.551467	100
0.00537911	1053.49	-0.485861	100
0.03543	141.108	-0.938101	100
0.0239147	782.312	-0.728365	100
0.0163507	111.488	-0.825198	100
0.0238328	4810.73	-1.14752	100
0.137643	349.463	-0.770633	100
0.00314477	2812.96	-1.24794	100
0.0118414	317.658	-0.968587	100
0.01582	126.53	-0.699916	100
0.00731759	499.951	-0.851496	100
0.0358252	148.013	0.728902	100
0.133448	388.798	-0.75553	100
0.00504166	384.123	-0.670524	100
0.00268398	729.932	-1.68793	100
0.00407024	716.321	1.67349	100
0.0433155	1665.63	-0.757369	100
0.105588	287.559	0.991042	100
0.00805454	234.461	-1.33861	100
0.00529815	1425.08	-1.02642	100
0.0449316	89.6562	0.0684427	100
0.093133	114.815	-0.815248	100
0.0245906	142.556	-0.731443	100
0.0133798	686.62	-0.996792	100
0.030584	226.167	0.221034	100
0.0119421	1150.25	-0.679339	100
0.0408958	239.473	-0.506375	100
0.0248508	101.187	-0.25199	100
0.00341366	36642	-2.55884	100
0.0325155	203.686	-0.608527	100
0.00368907	247.839	-1.54284	100
0.0320023	121.628	0.0149848	100
0.127502	584.915	-0.585392	100
0.0157394	261.741	-1.34466	100
0.00954081	768.977	-0.694614	100
0.00189885	100479	-1.78826	100
0.0107855	87.6414	-1.26593	100
0.0202518	89.1293	-1.46031	100
0.0745633	342.921	-0.617002	100
0.0509369	281.812	0.277541	100
0.0282103	163.261	-1.09484	100
0.0192857	624.107	-0.240798	100
0.0462541	415.424	-1.07369	100
0.0435802	295.952	-0.636502	100
0.0894883	143.708	-0.381416	100
0.0107054	1017.71	-1.37781	100
0.0434826	512.006	-0.630896	100
0.221059	264.185	-0.463359	100
0.025403	364.387	-0.336234	100
0.0824289	381.091	-0.728059	100
0.0141355	302.733	-1.21167	100
0.015665	195.015	-0.274692	100
0.0190068	329.471	-0.746613	100
0.0112761	257.49	-1.31276	100
0.0362209	277.235	-0.754721	100
0.00998848	441.131	-0.680647	100
0.073953	199.411	-0.719945	100
0.00740191	247.589	-1.3653	100
0.0933019	472.032	-0.287385	100
0.00915392	416.522	-0.630002	100
0.00633699	872.223	-1.22843	100
0.0043056	2499.39	-1.55368	100
0.00600737	4606.16	-0.69009	100
0.0180136	150.406	-0.985324	100
0.0355198	119.09	-0.948399	100
0.0133343	73.1902	-1.34116	100
0.00819212	696.429	-0.0981624	100
0.114482	79.1705	-0.318113	100
0.0294741	333.722	-0.424464	100
0.0237055	615.394	-0.84943	100
0.064303	836.693	-0.748454	100
0.1671	173.102	-0.545237	100
0.136712	138.922	-0.367507	100
0.00373784	475.798	-0.783644	100
0.00210387	27226.6	-1.87901	100
0.012765	817.696	-0.996092	100
0.0345825	191.33	-0.630327	100
0.0321139	80.5179	-0.828264	100
0.0358272	129.046	-0.257563	100
0.0350729	1875.05	-0.775303	100
0.0162484	624.416	-0.105189	100
0.0118654	390.987	0.321314	100
0.00580435	36.3285	-1.86181	100
0.0726589	202.917	-0.890551	100
0.00637796	148.187	-1.466	100
0.604711	295.393	-0.618016	100
0.0239989	172.161	-0.733941	100
0.0282289	145.298	-1.0157	100
0.181564	1809.62	-1.18511	100
0.0110611	173.533	-0.844892	100
0.137252	152.332	-0.506309	100
0.0421309	70.2637	-0.301892	100
0.00985688	1766.21	-0.327594	100
0.0278932	313.079	0.685504	100
0.149405	248.963	-0.825335	100
1.6078	805.527	-0.513003	100
0.0336197	187.374	0.422135	100
0.167037	203.7	-0.851745	100
0.131795	232.717	-0.373458	100
0.0474644	361.542	-0.974495	100
0.0133004	202.132	-0.752014	100
0.00836543	54.2465	-2.002	100
0.039438	334.949	-0.639575	100
0.0262118	427.583	-0.372844	100
0.00602925	300.18	-0.888204	100
0.0137472	346.098	-0.722085	100
0.0122232	152.367	-1.09725	100
0.0498518	1324.94	-0.891893	100
0.0458619	239.948	-0.343737	100
0.0135459	177.833	-0.469546	100
0.0122867	146.373	-0.332056	100
0.00317468	1055.19	-1.77013	100
0.019862	249.074	-0.967068	100
0.00887576	886.345	-0.515095	100
0.00467063	337.758	-0.901918	100
0.00460953	358.753	-1.12137	100
0.109568	193.531	-0.410092	100
0.0266005	297.942	-0.796309	100
0.04594	663.922	-0.746921	100
0.0423098	890.238	-0.243475	100
0.0624181	140.161	0.663276	100
0.503383	144.574	0.168324	100
0.0770864	313.801	0.246483	100
0.00897049	241.913	-0.889513	100
0.0188074	210.981	-2.00832	100
0.0106561	104.811	-1.40253	100
0.469323	150.962	-0.960648	100
0.0352291	185.887	-1.16504	100
0.0241019	486.332	0.538	100
0.0638225	290.603	-0.801531	100
0.0193286	618.983	0.291649	100
0.00401081	9066.74	-1.16619	100
1.12274	413.789	-1.51745	100
0.0592703	125.809	-0.888972	100
0.0828973	84.4705	-0.025156	100
0.0185136	679.843	-0.424609	100
0.027838	316.202	0.542838	100
0.00679944	13076.6	-1.71953	100
0.0358512	111.743	-0.0836644	100
0.00198992	109434	-1.31399	100
0.0159061	112.55	-0.658977	100
0.0164007	82.5494	-0.605497	100
0.0491139	316.277	-0.538428	100
0.00525579	510.526	-1.18558	100
0.255695	240.203	-0.603176	100
0.01542	314.246	-0.788734	100
0.0559478	369.42	-0.395835	100
0.0193091	1737.2	-0.393452	100
0.0159485	408.78	-0.882976	100
0.00877241	189.007	-0.491002	100
0.0608011	1292.19	-0.445515	100
0.0581508	364.459	-0.869453	100
0.00614019	208.232	-1.56919	100
0.00317676	19670.6	-1.60967	100
0.407893	124.916	0.000899961	100
0.146238	155.178	-0.801008	100
0.00781135	188.516	-1.10171	100
0.00895407	200.76	-0.835968	100
0.00933056	213.448	-1.22223	100
0.0195816	126.545	-0.945838	100
0.0176246	174.87	-0.749261	100
0.0117309	163.18	-1.32094	100
0.105438	89.5392	-0.230929	100
0.00663562	494.553	-0.38852	100
0.0146504	2479.93	-0.872077	100
0.00458844	1322.63	-1.56238	100
0.00582356	280.427	-1.24996	100
0.111843	181.658	0.672694	100
0.0302878	142.007	-0.641768	100
0.326469	99.6456	-0.433576	100
0.0272534	513.449	-0.898902	100
0.169369	70.2167	0.47386	100
0.0293321	845.049	-1.26474	100
0.00695343	540.025	-0.691664	100
0.144526	371.781	-0.428835	100
0.087327	214.607	-0.524395	100
0.0214424	272.596	-0.873318	100
0.216196	2170.82	-0.111118	100
0.020174	135.664	-0.716815	100
0.0181778	384.8	0.163455	100
0.0592717	698.882	-0.416861	100
0.050282	48.4302	-1.06324	100
0.0630446	256.651	-0.863596	100
0.00880266	361.296	1.17134	100
0.011134	128.223	-0.468557	100
0.0343929	130.13	-0.72413	100
0.847762	243.931	-0.409395	100
0.015431	202.271	-1.07088	100
0.0145046	123.035	-0.760758	100
0.00462845	1162.79	-1.70715	100
0.0621478	155.289	-0.689193	100
0.00219717	281.317	-1.77656	100
0.0951954	294.016	-0.861645	100
0.0434396	313.7	-0.896911	100
0.0338532	220.783	-0.788962	100
0.00465015	978.935	-1.11323	100
0.0206467	291.268	-0.96592	100
0.0690277	174.738	-0.76968	100
0.00837928	100.475	-1.41177	100
0.0542454	382.223	-0.255097	100
0.10136	233.987	2.82746	100
0.00904389	366.624	-1.28717	100
0.11592	199.886	-0.352579	100
0.0436954	215.305	-0.743044	100
0.0418683	179.985	-0.494633	100
0.123976	132.667	-1.01203	100
0.00352164	943.222	-1.40273	100
0.375221	91.553	-0.21704	100
0.0363145	1613.44	-1.14541	100
0.0205502	201.66	-0.584859	100
0.0529781	1822.74	-0.888879	100
0.458148	77.5737	0.911557	100
0.0083941	654.679	-0.537396	100
0.011605	906.644	-1.34566	100
0.0473251	151.879	-0.596198	100
0.0087273	295.269	-0.920856	100
0.017064	91.3876	-0.552157	100
0.0163792	98.0098	-1.18697	100
0.0199241	130.538	-0.492175	100
0.0185008	158.354	-1.09725	100
0.0232332	85.318	-1.22387	100
0.0188322	252.786	-0.00669844	100
0.0306274	218.333	-0.846972	100
0.0377304	83.2449	-0.392865	100
0.00985054	230.324	-1.46286	100
0.0120929	387.576	-0.532922	100
0.157287	318.716	-0.489274	100
0.0636486	49.308	-0.652097	100
0.0151078	87.4199	-1.18417	100
0.264012	231.557	1.09898	100
0.0135169	106.991	-1.11029	100
0.0257713	86.33	-0.777685	100
0.0313991	238.625	-0.526628	100
0.00946066	715.039	-1.35177	100
0.0150166	105.693	-0.880757	100
0.00888772	90.9574	-1.44066	100
0.0160516	400.355	-0.855605	100
0.0152634	351.164	-0.681983	100
0.0311271	140.193	-1.29119	100
0.070881	82.7811	0.218495	100
0.00361773	209.719	-1.33247	100
0.00191477	130.395	-2.008	100
0.00299911	399.892	-1.10199	100
0.0303934	175.448	-1.08475	100
0.00812937	92.5445	-1.05821	100
0.0185285	722.851	-0.245897	100
0.0093173	196.641	-1.12067	100
0.0156774	181.585	-1.29243	100
0.0117204	1384.83	-0.809825	100
0.0101981	179.106	-0.998089	100
0.00768395	1252.97	-1.07569	100
0.107033	533.385	-1.01301	100
0.00775955	1236.77	-0.618676	100
0.00324994	359.951	-1.2211	100
0.0235697	792.504	-0.312114	100
0.00576734	126.168	-1.60005	100
0.0301992	218.697	-0.204619	100
0.00150569	388.197	-2.02158	100
0.0274163	154.748	-0.685335	100
0.0129146	238.653	0.777932	100
0.0122949	158.612	-0.890878	100
0.0743369	212.293	-0.566197	100
0.0375132	116.339	-1.01975	100
0.0117562	993.41	-0.114896	100
0.0204413	976.271	-1.40632	100
0.304468	311.68	-0.162402	100
0.0844983	177.777	0.023704	100
0.00714791	6.24467	-1.993	100
0.00930209	334.775	-0.541507	100
0.00295896	944.475	-0.718682	100
0.0102654	199.996	-1.00597	100
0.0283214	95.0824	-0.327457	100
0.00888333	5373.07	-1.54651	100
0.12664	481.953	-0.689226	100
0.0261947	400.015	-0.521024	100
0.0279436	1445.34	-0.390061	100
0.0760975	85.1897	0.232318	100
0.0312936	261.771	-0.589742	100
0.0226912	143.721	0.18317	100
0.0448662	133.312	-0.934542	100
0.00544244	920.733	-1.16577	100
0.159111	290.697	-0.550407	100
0.020881	161.152	-0.50778	100
0.0178063	223.195	-0.58127	100
0.883133	152.676	2.81501	100
0.0684922	228.138	0.0921051	100
0.00591788	570.012	-0.356761	100
0.035454	356.944	0.908373	100
0.00933138	1106.49	-1.44098	100
0.00561022	801.045	-1.00841	100
0.0106592	264.285	-0.311998	100
0.136601	55.9424	-0.376434	100
0.00167421	1210.65	1.44591	100
0.0348743	209.696	-0.938843	100
0.0144117	472.564	-0.554802	100
0.00773195	382.02	-1.12375	100
0.0391952	396.297	1.41375	100
0.133313	145.746	1.13526	100
0.0417101	223.738	-0.768615	100
0.210653	87.9605	0.214992	100
0.023079	349.888	-0.43635	100
0.0380968	314.596	-0.779488	100
0.0137324	85.2885	-0.737682	100
0.00419325	699.637	-1.10234	100
0.0332343	123.25	-0.470692	100
0.0127075	119.407	-0.803357	100
0.374063	388.594	-0.363089	100
0.0613293	148.764	-0.259623	100
0.0487439	113.063	0.25164	100
0.00620967	4241.17	-1.68159	100
0.0121648	315.227	-0.854015	100
0.0530978	142.113	-0.677977	100
0.00309668	110.63	-1.63155	100
0.00494438	540.83	-1.0807	100
0.0120822	197.007	-1.05249	100
0.09149	98.8798	-0.35099	100
0.170603	38.9381	-0.512566	100
0.656485	517.139	0.00624652	100
0.0137927	224.206	0.665409	100
0.0459734	358.696	-0.667627	100
0.0330231	71.8313	-0.697747	100
0.103437	1022	-0.141859	100
0.0678887	314.262	-0.851185	100
0.0597864	317.145	-0.471217	100
0.10198	103.755	-0.861058	100
0.00733085	1.84774e+06	-1.31912	100
0.207214	72.3366	0.737414	100
0.0335886	265.491	0.526374	100
0.0713361	67.8889	-0.0819218	100
0.0130772	167.298	-0.779446	100
0.0301116	1243.22	-0.282902	100
0.0560084	343.714	-0.38283	100
0.0507253	406.625	-0.953617	100
0.0115997	78.1566	-1.39468	100
0.0378134	591.919	-0.471423	100
0.0366773	151.651	0.608645	100
0.0349947	434.449	-0.444371	100
0.0086572	272.728	-0.565988	100
0.00547545	6885.17	-1.14324	100
0.0116575	332.471	-0.884347	100
0.023175	112.735	-1.15214	100
0.240049	68.1021	0.737261	100
0.0296519	422.422	-1.05362	100
0.0120222	154.892	-0.881807	100
0.185107	86.9386	-0.47164	100
0.0714108	192.74	0.15349	100
0.0244399	46.7859	-1.19357	100
0.0249997	1694.9	-0.823092	100
0.0478109	120.619	-0.293678	100
0.0429069	161.189	-0.41674	100
0.0270105	1.04394e+07	-2.34459	100
0.0042033	1331.32	-1.09716	100
0.0249955	102.748	-0.935067	100
0.00441343	1514.07	-1.58138	100
0.0154191	132.571	-0.815188	100
0.269425	2217.32	-1.02235	100
0.00105595	53.5932	-2.003	100
0.0448844	137.292	-0.782809	100
0.0409633	105.826	-1.10734	100
0.00877651	275.517	-0.907169	100
0.0235287	151.801	-0.43497	100
0.0277974	147.373	0.321695	100
0.00484188	1051.25	-0.678602	100
0.00678148	832.505	0.341651	100
0.0173754	999.101	-0.909507	100
0.0168816	724.838	-0.986022	100
0.0339184	272.933	-0.932536	100
0.0135256	402.622	-1.22491	100
0.0111226	81900	-1.47283	100
0.0355572	82.2771	-0.855937	100
0.054415	171.044	-0.308811	100
0.0159032	330.275	-0.782986	100
0.0434971	143.192	-0.200034	100
0.551539	259.502	-0.627069	100
0.0975285	84.9528	-1.12089	100
0.051179	87.7933	-0.0810151	100
0.0314111	90.4211	-0.300004	100
0.04222	188.924	0.40303	100
0.00850076	263.216	-1.0622	100
0.0141565	1398.12	-1.20329	100
0.283429	170.383	-1.13165	100
0.10837	91.6151	-0.711467	100
0.0412333	243.128	-0.0928512	100
0.00694867	344.66	-0.810639	100
0.0138455	475.857	-0.584532	100
0.0277162	361.707	-1.08982	100
0.022911	328.026	0.00340808	100
0.00473227	180.53	-1.1526	100
0.00641873	362.175	-0.241768	100
0.0302567	383.526	-0.530222	100
0.030343	168.438	-0.71874	100
0.00732117	203.238	-0.935143	100
0.0134737	155.488	-0.470266	100
0.0715231	123.137	-0.706921	100
0.046458	470.042	-0.528439	100
0.00615076	805.198	-1.81508	100
0.0252575	160.981	-0.432583	100
0.017682	271.848	-0.77411	100
0.0031729	523.539	-1.14181	100
0.435793	31.5692	0.397453	100
0.0466151	487.445	-0.341633	100
0.00773288	415.878	-1.06303	100
0.0236277	446.082	-0.692376	100
0.0185511	299.936	-0.477644	100
0.405468	37.5079	-0.211576	100
0.00871089	260.445	-0.371969	100
0.290832	147.207	-0.284182	100
0.014202	306.999	-0.876491	100
0.00988492	146.239	-1.15	100
0.0144251	868.172	-0.692764	100
0.00847126	139.504	-1.57147	100
0.0880026	133.812	-0.346977	100
0.0333515	113.066	-0.640568	100
0.0139572	317.033	-0.320757	100
0.241888	485.049	-0.557862	100
0.0508322	121.244	-0.80385	100
1.11614	102.871	0.16062	100
0.0131333	227.313	-1.31624	100
0.193281	453.949	-0.651378	100
0.00779078	69.8348	-1.27882	100
0.0120166	798.724	-0.0941477	100
0.00615963	329.582	-1.17917	100
0.0548171	494.523	-0.0414278	100
0.00578628	294.816	-0.745795	100
0.0023455	440.658	-1.07081	100
0.0809476	182.567	-0.893201	100
0.00996649	5221.02	-1.00207	100
0.0260788	505.951	-0.0291018	100
0.0554004	79.1823	-0.912317	100
0.142622	635.669	-0.828671	100
0.0391949	426.301	-0.903407	100
0.0343627	119.773	0.429336	100
0.00475283	2349.83	-1.76134	100
0.00614415	456.543	-1.0767	100
0.0210615	170.738	0.40747	100
0.0215715	154.37	-1.23362	100
0.0394442	131.977	-0.875143	100
0.0144749	39.6579	-1.32354	100
0.00714172	595.071	-1.12264	100
0.380985	189.749	-0.0621857	100
0.00839065	241.057	-0.767919	100
0.00435859	820.334	-0.567583	100
0.0139033	658.174	-0.949046	100
0.0964558	106.72	-0.638936	100
0.0138071	183.913	-0.145024	100
0.0384048	124.17	-1.29914	100
0.00584834	437.863	-0.713471	100
0.0369879	380.294	-0.713738	100
0.0299815	332.097	-0.532175	100
0.014114	144.998	-0.372359	100
0.0232967	138.377	-1.50095	100
0.00505804	273.124	-1.18045	100
0.0313641	2200.83	-0.662679	100
0.00318025	343.984	-1.33365	100
0.0919778	157.399	-0.228988	100
0.0749932	92.1814	-1.15867	100
0.00572896	528.455	-0.221175	100
0.038576	79.8396	-0.447733	100
0.109783	160.48	-0.544033	100
0.0122404	845.024	0.110077	100
0.019063	108.531	-0.581455	100
0.0171678	121.407	-0.879383	100
0.0210453	502.566	-0.540442	100
0.0125438	290.71	-0.200912	100
0.0255308	261.885	-1.04019	100
0.0420227	92.4951	-0.90705	100
0.0979701	198.633	-0.886448	100
0.0055815	265.287	-1.74814	100
0.0131395	250.393	-0.688851	100
0.00872045	135084	-1.60588	100
0.234552	331.776	-0.845959	100
0.0288908	51.6321	-0.745119	100
0.0137322	426.529	-0.576342	100
0.0231024	1672.09	-1.01662	100
0.0782492	1357.25	-0.640503	100
0.0393198	352.131	-0.525556	100
0.00899254	100.736	-0.949385	100
0.00122223	154.392	-2.008	100
0.0355798	1192.74	-0.299338	100
0.0306902	305.4	-0.707498	100
0.0100741	55.8385	-1.61018	100
0.0398197	132.412	-0.880609	100
0.0193263	200.722	-0.193345	100
0.0199116	134.084	-1.31128	100
0.017662	656.725	-1.12844	100
0.0795849	270.575	-0.774932	100
0.00509618	491.841	-0.12822	100
0.0152433	340.566	-0.497844	100
0.0136699	225.881	-1.26823	100
0.0229071	172.605	-0.409722	100
0.0208624	614.322	-0.52832	100
0.0246144	1149.84	-0.662669	100
0.00435833	460.934	-1.2967	100
0.0869814	739.756	-0.485306	100
0.0294968	211.891	-0.683993	100
0.0199533	740.803	-0.612542	100
0.0137834	234.339	-0.617874	100
0.0582942	230.702	-0.374425	100
0.197496	27.4777	-1.90187	100
0.447868	185.123	3.15762	100
0.00672307	344.227	-1.16565	100
0.0907154	185.541	-0.113921	100
0.00668865	191.803	-0.961268	100
0.0124355	687.562	-0.813771	100
0.0172632	93.9111	-0.894813	100
0.0203973	455.444	0.209165	100
0.00797573	551.452	-0.915471	100
0.0206169	109.814	-0.528642	100
0.00765226	194.824	-0.431539	100
0.00677179	1792.27	-0.970121	100
0.0591209	55.1635	-1.18054	100
0.140272	556.156	0.161596	100
0.0328724	591.639	-0.346933	100
0.0278943	342.964	-0.858519	100
0.0266243	180.558	-0.66757	100
0.0271927	104.03	-0.705272	100
0.181712	995.332	-0.643401	100
0.0391289	65.9061	-2.003	100
0.0335388	624.839	0.461112	100
0.174521	115.486	-0.466608	100
0.00645205	820.456	-1.13038	100
0.0354266	90.3995	-0.365614	100
0.104551	70.3704	0.191537	100
0.0124717	211.721	-1.10772	100
0.024182	343.304	-0.768279	100
0.0531769	91.0202	-1.264	100
0.0165035	363.937	-0.807621	100
0.0384125	96.5136	-0.26759	100
0.0431034	579.618	-1.12033	100
0.0077166	7366.62	-1.42509	100
0.0220788	134.301	-1.1152	100
0.0225827	210.955	-0.80637	100
0.013536	177.451	-0.510331	100
0.0816766	199.6	-0.768422	100
0.0381905	465.961	-0.479182	100
0.0991974	504.039	-0.6294	100
0.0205236	187.093	-0.0618542	100
0.0248711	128.062	-0.524524	100
0.0246227	954.725	-1.35303	100
0.0162241	120.195	-0.789397	100
0.022632	678.147	0.129771	100
0.42886	123.983	-0.365715	100
0.0320708	449.519	-0.646441	100
0.0421684	205.16	-0.0857812	100
0.0125747	93.4482	-1.27718	100
0.0196753	309.937	-0.770983	100
0.00856312	1677.96	-1.38924	100
0.0198382	542.998	-0.1504	100
0.0507747	184.629	-0.94547	100
0.017099	96.1408	-0.833673	100
0.0088819	112.434	-0.999006	100
0.0044	842.915	-0.542627	100
0.00422107	1537.38	-1.28715	100
0.193519	94.0161	-1.1546	100
0.0613797	89.5842	-0.662533	100
0.138333	63.5409	-0.17172	100
0.0413594	164.796	-0.660127	100
0.00479382	118.138	-1.23595	100
0.00632183	708.823	-0.663069	100
0.0378101	187.279	-0.609193	100
0.00807723	171.556	-1.2847	100
0.233628	74.6286	0.758183	100
0.0174023	246.164	-0.845153	100
0.0276393	516.924	-0.23881	100
0.0751843	374.487	-0.865741	100
0.0667406	152.749	-0.630462	100
0.0214174	772.346	-0.680738	100
0.0670305	204.872	-0.679399	100
0.0871353	54.1892	-1.03778	100
0.0555351	281.738	-0.69495	100
0.00849154	5884.29	-1.5316	100
0.0849021	359.924	-0.793034	100
0.0454446	155.366	-0.486268	100
0.0187869	451.204	-0.468083	100
0.00700381	487.501	-0.932251	100
0.0448623	207.207	-0.403056	100
0.0289086	548.427	-1.06149	100
0.00563494	872.443	-0.569333	100
0.0329534	840.186	-0.37801	100
0.0154558	818.58	-0.710821	100
0.00633268	292.694	-1.11257	100
0.0257624	216.303	-0.774918	100
0.0362086	775.037	-0.796616	100
0.692518	345.934	-0.619593	100
0.0229036	559.249	-1.15964	100
0.0143001	305.872	-0.742247	100
0.214616	58.7082	-0.0290473	100
0.00730106	393.402	-0.527781	100
0.0174932	236.949	-0.551142	100
0.00519188	4004	-1.58074	100
0.0143431	188.194	-1.13304	100
0.0649488	338.7	-0.807963	100
0.93592	40.0769	0.662459	100
0.0310034	202.145	-0.915739	100
0.0085768	1815.49	-1.27548	100
0.0419158	396.208	-0.690726	100
0.0147858	135.234	-0.606592	100
0.0285764	98.1145	-0.850181	100
0.00814399	148.797	-1.23681	100
0.0172865	431.006	-0.417872	100
0.0127632	436.449	-0.155996	100
0.00399071	838.647	-0.37131	100
0.0299739	90.1914	-0.418891	100
0.141205	234.373	-0.0571546	100
0.0570435	103.643	-0.168057	100
0.0171151	1131.86	-1.00914	100
0.115449	70.998	-0.241689	100
0.0229199	601.278	-0.0537049	100
0.0434401	96.221	-1.02138	100
0.0219823	638.008	-0.762487	100
0.0361217	317.826	-0.989619	100
0.00509698	118.89	-1.62033	100
0.0034501	1210.62	-1.39935	100
0.0208803	788.104	-0.104441	100
0.0580527	430.626	-0.633788	100
0.00275068	15.7648	-1.85799	100
0.0493652	154.949	-0.553945	100
0.00660846	366.47	-0.167603	100
0.0169289	88.3834	-0.616954	100
0.0126487	156.506	-1.11247	100
0.0247582	282.679	-0.767709	100
0.00346996	806.969	-0.699972	100
0.0757487	69.2293	-0.643647	100
0.0463845	156.492	-0.858808	100
0.00782044	128.404	-1.20947	100
0.00671399	182.305	-0.93138	100
0.0193439	123.038	-0.250564	100
0.00992509	425.609	-1.19788	100
0.0603211	298.46	-1.02727	100
0.037404	117.58	-1.25125	100
0.012404	295.669	-0.498289	100
0.0205485	633.723	-0.559412	100
0.0325208	70.2613	-0.836285	100
0.0694885	332.052	-0.795095	100
0.0694285	168.961	-0.68925	100
0.0101233	569.396	0.849751	100
0.0167872	138.587	-1.47522	100
0.0102998	250.037	-1.21744	100
0.0748232	852.699	-0.268669	100
0.00770264	291.807	-0.946717	100
0.0211842	102.9	-0.761117	100
0.0219448	114.192	-0.8555	100
0.0105058	15263.4	-1.48666	100
0.336865	348.593	-0.507995	100
0.0207356	266.711	-0.832637	100
0.0375064	120.636	-0.395511	100
0.0155145	330.811	-0.801281	100
0.00257359	2.47679e+06	-1.47893	100
0.148976	126.69	1.35395	100
0.0237149	970.634	-0.744242	100
0.383867	162.362	-0.0292781	100
0.0449593	317.265	-0.484279	100
0.113785	180.269	-0.522802	100
0.0265476	185.637	-0.991641	100
0.0649942	64.2647	-0.905345	100
0.0990594	191.259	-0.838062	100
0.00778966	1.225e+06	-1.6568	100
0.00790249	432.458	-1.31377	100
0.0139384	215.698	-0.984802	100
0.0513662	93.9164	-0.326511	100
0.0163224	259.838	-1.23282	100
0.0531702	243.664	-0.856745	100
0.0059651	536.372	-0.428969	100
0.032212	33.5358	-1.68008	100
0.269233	149.497	0.0408261	100
0.0435966	323.751	-0.617955	100
0.11144	176.707	-0.481518	100
0.0134842	1913.68	-0.719363	100
0.0277042	271.64	-0.121802	100
0.0338061	1278.32	-0.603505	100
0.104879	2681.67	-0.929093	100
0.0214022	131.548	-1.13157	100
0.0493138	264.846	-0.989238	100
0.0296531	392.585	-1.37066	100
0.0415594	561.955	-0.246487	100
0.0656335	588.348	-0.365419	100
0.00743323	274.031	-0.593856	100
0.0158876	600.958	-0.599755	100
0.0275579	136.935	-1.03838	100
0.035387	402.541	-0.598673	100
0.0393448	901.304	0.0383032	100
0.0146896	483.321	-0.891303	100
0.0496739	421.217	-0.334243	100
0.195072	800.375	-0.681329	100
0.0413784	77.6464	-1.08327	100
0.0114816	724.293	-0.0976402	100
0.0197353	119.633	0.0243926	100
0.0370547	192.788	-0.0808999	100
0.00479713	3513.1	-1.36975	100
0.0972551	157.322	-0.550999	100
0.634408	145.228	0.308901	100
0.0112234	1906.52	-0.850715	100
0.0120263	929.249	-1.24514	100
0.20032	379.027	-0.323587	100
0.034673	484.555	-0.84295	100
0.043144	646.34	-0.516029	100
0.00273883	1094.58	-0.14759	100
0.00353927	6997.48	-1.07227	100
0.0614271	157.395	-0.172655	100
0.0586859	822.29	-0.204268	100
0.0120685	303.188	-1.19738	100
0.011289	57.0185	-1.39021	100
0.152712	1440.98	-0.511502	100
0.0184291	401.306	-0.666934	100
0.00336536	1387.85	-0.792274	100
0.00425933	825.167	-0.843388	100
0.00936127	366.756	-0.970729	100
0.378471	346.71	-0.294924	100
0.0527558	189.456	0.13576	100
0.0659662	215.772	-0.73705	100
0.0395827	299.278	0.0264798	100
0.0126898	2138.04	-0.886388	100
0.0509004	199.971	-0.388649	100
0.240424	325.847	-0.797725	100
0.0923877	194.913	-0.601128	100
0.0224294	1677.54	-0.697698	100
0.00349252	120.442	-1.43468	100
0.0158309	719.907	-0.525654	100
0.0258409	245.532	-0.979739	100
0.0108042	130.05	-0.933245	100
0.1094	409.437	-0.301326	100
0.00490215	550.069	-1.21333	100
0.103482	134.915	0.262853	100
0.0779178	639.301	-0.765496	100
0.00576606	531.712	-1.0213	100
0.252024	437.286	-0.837763	100
0.0190931	438.574	-0.334942	100
0.0210678	78.0865	-1.12922	100
0.0216028	132.659	-0.815119	100
0.0255995	239.101	-0.754859	100
0.0173486	335.432	0.169744	100
0.0302563	129.251	-0.361243	100
0.0224008	151.5	-0.744038	100
0.0118559	1262.83	-1.10303	100
0.050144	332.362	-0.798371	100
0.218406	447.497	-0.95694	100
0.00407698	526.225	-1.20554	100
0.0260691	156.673	-0.846117	100
0.00862821	145.936	-0.774469	100
0.319079	196.588	-0.463624	100
0.0124299	322.091	-0.28072	100
0.0169425	628.824	-0.713252	100
0.0653835	213.853	-0.256431	100
0.00258408	823.692	-1.43758	100
0.00276445	2361.83	-1.46491	100
0.00796811	3769.7	-1.07608	100
0.00427146	359.283	-0.951547	100
0.0123898	534.606	-1.30886	100
0.0846819	84.839	-0.395312	100
0.00438843	643.444	-1.51573	100
0.0238356	776.53	-0.220045	100
0.0160093	384.126	-0.814377	100
0.0128675	344.59	0.391799	100
0.0751103	146.223	-0.484958	100
0.0906865	84.1237	-0.486622	100
0.0886283	233.491	-0.547302	100
0.055356	1049.73	-0.253486	100
0.0538802	230.347	0.112805	100
0.0346316	157.228	-1.11713	100
0.0103967	559.164	-0.518987	100
