10.0 4.433271125516291e-06
11.768119524349986 4.433271125516291e-06
13.84886371393873 4.433271125516291e-06
16.297508346206442 4.433271125516291e-06
19.179102616724887 4.433271125516291e-06
22.5701971963392 4.433271125516291e-06
26.560877829466865 4.433271125516291e-06
31.257158496882354 4.433271125516291e-06
36.78379771828634 4.433271125516291e-06
43.28761281083057 4.433271125516291e-06
50.9413801481638 4.433271125516291e-06
59.94842503189409 4.433271125516291e-06
70.54802310718642 4.433271125516291e-06
83.02175681319744 4.433271125516291e-06
97.70099572992251 4.433271125516291e-06
114.97569953977356 4.433271125516291e-06
135.30477745798075 4.433271125516291e-06
159.2282793341092 4.433271125516291e-06
187.3817422860383 4.433271125516291e-06
220.51307399030455 4.433271125516291e-06
259.5024211399737 4.433271125516291e-06
305.3855508833415 4.433271125516291e-06
359.38136638046257 4.433271125516291e-06
422.9242874389499 4.433271125516291e-06
497.7023564332109 4.433271125516291e-06
585.7020818056661 4.433271125516291e-06
689.2612104349695 4.433271125516291e-06
811.1308307896873 4.433271125516291e-06
954.5484566618337 4.433271125516291e-06
1123.3240329780276 4.433271125516291e-06
1321.9411484660286 3.7671873712220524e-06
1555.6761439304723 3.201180412407591e-06
1830.7382802953678 2.7202140544068026e-06
2154.434690031882 2.3115112391391654e-06
2535.364493970111 1.9642146175999523e-06
2983.6472402833374 1.6690981201675442e-06
3511.191734215131 1.418321862481029e-06
4132.0124001153345 1.2052238758676032e-06
4862.601580065353 1.0241431295576284e-06
5722.367659350214 8.70269143203827e-07
6734.150657750822 7.395141946027234e-07
7924.82898353917 6.284047277668783e-07
9326.0334688322 5.339890765611408e-07
10974.987654930545 4.537590525455142e-07
12915.496650148827 3.8558331397520157e-07
15199.11082952933 3.2765074587946896e-07
17886.495290574352 2.784223470891086e-07
21049.041445120216 2.365903460727191e-07
24770.76355991709 2.0104345947810857e-07
29150.530628251756 1.7083737045848295e-07
34304.69286314912 1.4516964252869403e-07
40370.1725859655 1.2335840252838735e-07
47508.101621027934 1.0482422639669868e-07
55908.10182512223 8.907474654706027e-08
65793.32246575682 7.569157193105607e-08
77426.36826811277 6.431917331774116e-08
91116.27561154886 5.465543852155422e-08
107226.72220103232 4.124878501809764e-08
126185.68830660211 2.657676217140738e-08
148496.82622544636 1.7123517388588752e-08
174752.84000076828 1.1032752818654308e-08
205651.23083486513 7.108448106499471e-09
242012.82647943834 4.580002408588286e-09
284803.5868435799 2.9509144258217533e-09
335160.2650938841 1.901286325132513e-09
394420.6059437656 1.2250066143918231e-09
464158.8833612772 7.892768098456373e-10
546227.7217684337 5.085343011550851e-10
642807.3117284318 3.27650745879469e-10
756463.3275546291 2.1110672580301094e-10
890215.0854450373 1.3601693339548251e-10
1047615.7527896641 8.76362707059102e-11
1232846.7394420658 5.6464410360648897e-11
1450828.7784959401 3.6380252282468936e-11
1707352.6474706887 2.343994646685411e-11
2009233.002565046 1.5102454103479254e-11
2364489.412645407 9.73057341535426e-12
2782559.402207126 6.2694485507349416e-12
3274549.162877725 4.039431537332649e-12
3853528.5937105273 2.6026223858053285e-12
4534878.508128582 1.6768803284552877e-12
5336699.231206302 1.0804209059664385e-12
6280291.441834247 6.961196420764492e-13
7390722.033525775 4.485127540652169e-13
8697490.026177835 2.889786157435756e-13
10235310.218990248 1.8619011299047898e-13
12045035.402587812 1.1996305708021165e-13
14174741.629268046 7.729269203873374e-14
16681005.372000592 4.979999999999991e-14
19630406.50040268 3.2086345223390364e-14
23101297.000831578 2.0673364453706448e-14
27185882.4273294 1.3319933911457622e-14
31992671.377973843 8.582088309955254e-15
37649358.06792463 5.529474864474849e-15
44306214.575838774 3.562663441879495e-15
52140082.87999684 2.2954387371666103e-15
61359072.734131634 1.478960637748417e-15
72208090.18385457 9.529004336265274e-16
84975343.59086438 6.139576762421492e-16
100000000.0 3.955754608926916e-16
