10.0 8.902150854450385e-07
11.768119524349986 8.902150854450385e-07
13.84886371393873 8.902150854450385e-07
16.297508346206442 8.902150854450385e-07
19.179102616724887 8.902150854450385e-07
22.5701971963392 8.902150854450385e-07
26.560877829466865 8.902150854450385e-07
31.257158496882354 8.902150854450385e-07
36.78379771828634 8.902150854450385e-07
43.28761281083057 8.902150854450385e-07
50.9413801481638 8.902150854450385e-07
59.94842503189409 8.902150854450385e-07
70.54802310718642 8.902150854450385e-07
83.02175681319744 8.902150854450385e-07
97.70099572992251 8.902150854450385e-07
114.97569953977356 8.902150854450385e-07
135.30477745798075 8.902150854450385e-07
159.2282793341092 8.902150854450385e-07
187.3817422860383 8.902150854450385e-07
220.51307399030455 8.902150854450385e-07
259.5024211399737 8.902150854450385e-07
305.3855508833415 8.902150854450385e-07
359.38136638046257 8.902150854450385e-07
422.9242874389499 8.902150854450385e-07
497.7023564332109 8.902150854450385e-07
585.7020818056661 8.902150854450385e-07
689.2612104349695 8.902150854450385e-07
811.1308307896873 8.902150854450385e-07
954.5484566618337 8.902150854450385e-07
1123.3240329780276 8.902150854450385e-07
1321.9411484660286 7.564633275546292e-07
1555.6761439304723 6.42807311728432e-07
1830.7382802953678 5.462277217684344e-07
2154.434690031882 4.641588833612782e-07
2535.364493970111 3.944206059437656e-07
2983.6472402833374 3.351602650938844e-07
3511.191734215131 2.8480358684358017e-07
4132.0124001153345 2.420128264794384e-07
4862.601580065353 2.0565123083486517e-07
5722.367659350214 1.7475284000076848e-07
6734.150657750822 1.4849682622544651e-07
7924.82898353917 1.261856883066021e-07
9326.0334688322 1.072267222010323e-07
10974.987654930545 9.111627561154906e-08
12915.496650148827 7.742636826811277e-08
15199.11082952933 6.579332246575683e-08
17886.495290574352 5.5908101825122226e-08
21049.041445120216 4.750810162102794e-08
24770.76355991709 4.037017258596558e-08
29150.530628251756 3.430469286314919e-08
34304.69286314912 2.915053062825182e-08
40370.1725859655 2.4770763559917138e-08
47508.101621027934 2.104904144512022e-08
55908.10182512223 1.7886495290574353e-08
65793.32246575682 1.5199110829529334e-08
77426.36826811277 1.2915496650148828e-08
91116.27561154886 1.0974987654930568e-08
107226.72220103232 9.2676515580108e-09
126185.68830660211 7.760665946895389e-09
148496.82622544636 6.498726841671321e-09
174752.84000076828 5.441987949443242e-09
205651.23083486513 4.557082266019524e-09
242012.82647943834 3.816068497798542e-09
284803.5868435799 3.195548802898891e-09
335160.2650938841 2.6759299938141724e-09
394420.6059437656 2.2408048737351373e-09
464158.8833612772 1.8764341719560882e-09
546227.7217684337 1.571312720243888e-09
642807.3117284318 1.202220692166034e-09
756463.3275546291 8.133682748869703e-10
890215.0854450373 5.502882747764612e-10
1047615.7527896641 3.723002171415321e-10
1232846.7394420658 2.518815283497315e-10
1450828.7784959401 1.7041167692813306e-10
1707352.6474706887 1.1529285145966325e-10
2009233.002565046 7.80019411657199e-11
2364489.412645407 5.277259386501606e-11
2782559.402207126 3.5703555855425936e-11
3274549.162877725 2.415541491066594e-11
3853528.5937105273 1.6342463811423037e-11
4534878.508128582 1.105657362605446e-11
5336699.231206302 7.480378831429014e-12
6280291.441834247 5.06088679496805e-12
7390722.033525775 3.4239676530645833e-12
8697490.026177835 2.316502021125844e-12
10235310.218990248 1.5672407445430193e-12
12045035.402587812 1.0603243722455214e-12
14174741.629268046 7.173676273364651e-13
16681005.372000592 4.853385682916168e-13
19630406.50040268 3.2835817633136217e-13
23101297.000831578 2.2215232624758955e-13
27185882.4273294 1.5029824019796099e-13
31992671.377973843 1.0168500770695423e-13
37649358.06792463 6.879548808252562e-14
44306214.575838774 4.65439231135469e-14
52140082.87999684 3.1489518269004413e-14
61359072.734131634 2.1304387221397726e-14
72208090.18385457 1.4413587118162118e-14
84975343.59086438 9.751582688291889e-15
100000000.0 6.597480845470439e-15
