10.0 2.670645256335115e-06
11.768119524349986 2.670645256335115e-06
13.84886371393873 2.670645256335115e-06
16.297508346206442 2.670645256335115e-06
19.179102616724887 2.670645256335115e-06
22.5701971963392 2.670645256335115e-06
26.560877829466865 2.670645256335115e-06
31.257158496882354 2.670645256335115e-06
36.78379771828634 2.670645256335115e-06
43.28761281083057 2.670645256335115e-06
50.9413801481638 2.670645256335115e-06
59.94842503189409 2.670645256335115e-06
70.54802310718642 2.670645256335115e-06
83.02175681319744 2.670645256335115e-06
97.70099572992251 2.670645256335115e-06
114.97569953977356 2.670645256335115e-06
135.30477745798075 2.670645256335115e-06
159.2282793341092 2.670645256335115e-06
187.3817422860383 2.670645256335115e-06
220.51307399030455 2.670645256335115e-06
259.5024211399737 2.670645256335115e-06
305.3855508833415 2.670645256335115e-06
359.38136638046257 2.670645256335115e-06
422.9242874389499 2.670645256335115e-06
497.7023564332109 2.670645256335115e-06
585.7020818056661 2.670645256335115e-06
689.2612104349695 2.670645256335115e-06
811.1308307896873 2.670645256335115e-06
954.5484566618337 2.670645256335115e-06
1123.3240329780276 2.670645256335115e-06
1321.9411484660286 2.269389982663887e-06
1555.6761439304723 1.9284219351852957e-06
1830.7382802953678 1.638683165305303e-06
2154.434690031882 1.3924766500838347e-06
2535.364493970111 1.1832618178312968e-06
2983.6472402833374 1.0054807952816531e-06
3511.191734215131 8.544107605307405e-07
4132.0124001153345 7.260384794383151e-07
4862.601580065353 6.169536925045954e-07
5722.367659350214 5.242585200023054e-07
6734.150657750822 4.454904786763395e-07
7924.82898353917 3.785570649198062e-07
9326.0334688322 3.216801666030969e-07
10974.987654930545 2.733488268346472e-07
12915.496650148827 2.3227910480433832e-07
15199.11082952933 1.9737996739727047e-07
17886.495290574352 1.6772430547536666e-07
21049.041445120216 1.425243048630838e-07
24770.76355991709 1.2111051775789673e-07
29150.530628251756 1.0291407858944756e-07
34304.69286314912 8.745159188475545e-08
40370.1725859655 7.431229067975141e-08
47508.101621027934 6.314712433536065e-08
55908.10182512223 5.3659485871723054e-08
65793.32246575682 4.5597332488587994e-08
77426.36826811277 3.874648995044648e-08
91116.27561154886 3.29249629647917e-08
107226.72220103232 2.48486656735528e-08
126185.68830660211 1.6010097693618906e-08
148496.82622544636 1.0315371920836598e-08
174752.84000076828 6.6462366377435596e-09
205651.23083486513 4.282197654517754e-09
242012.82647943834 2.759037595535112e-09
284803.5868435799 1.777659292663707e-09
335160.2650938841 1.1453532079111524e-09
394420.6059437656 7.379557918023031e-10
464158.8833612772 4.754679577383357e-10
546227.7217684337 3.0634596455125607e-10
642807.3117284318 1.973799673972705e-10
756463.3275546291 1.2717272638735598e-10
890215.0854450373 8.193791168402561e-11
1047615.7527896641 5.2792934160186867e-11
1232846.7394420658 3.401470503653548e-11
1450828.7784959401 2.1915814627993334e-11
1707352.6474706887 1.4120449678827777e-11
2009233.002565046 9.097863917758588e-12
2364489.412645407 5.861791214068831e-12
2782559.402207126 3.7767762353824954e-12
3274549.162877725 2.433392492369066e-12
3853528.5937105273 1.5678448107261015e-12
4534878.508128582 1.0101688725634265e-12
5336699.231206302 6.508559674496617e-13
6280291.441834247 4.193491819737646e-13
7390722.033525775 2.7018840606338365e-13
8697490.026177835 1.7408350345998533e-13
10235310.218990248 1.1216271866896324e-13
12045035.402587812 7.226690185554919e-14
14174741.629268046 4.6561862673935987e-14
16681005.372000592 2.999999999999995e-14
19630406.50040268 1.9329123628548414e-14
23101297.000831578 1.2453834008256897e-14
27185882.4273294 8.024056573167242e-15
31992671.377973843 5.1699327168405145e-15
37649358.06792463 3.331008954502921e-15
44306214.575838774 2.1461827963129493e-15
52140082.87999684 1.3827944199798856e-15
61359072.734131634 8.90940143221938e-16
72208090.18385457 5.74036405799113e-16
84975343.59086438 3.6985402183262003e-16
100000000.0 2.382984704172841e-16
