0  0.00351095 -25.0287 64.7462
1  -45.6457 52.3883 9.09927
2  -32.8971 60.126 14.0018
3  -18.2229 65.3875 15.4378
4  0.00352526 67.3354 16.0968
5  18.254 65.3829 15.4329
6  32.9285 60.1256 13.9884
7  45.6528 52.3884 9.09928
8  53.2115 42.0849 17.8979
9  62.1958 30.1349 9.85416
10  68.2857 -0.00287008 9.71241
11  62.1985 -30.1396 9.84323
12  65.3865 -15.4242 18.2355
13  65.3865 15.4185 18.2355
14  53.2115 -42.0906 17.8979
15  45.6628 -52.3926 9.07158
16  32.9126 -60.1318 13.9977
17  18.2295 -65.3935 15.4375
18  0.00352526 -67.3412 16.0968
19  -18.2364 -65.3905 15.4346
20  -32.8971 -60.1317 14.0018
21  -45.6584 -52.3915 9.06163
22  -62.1913 -30.1396 9.84322
23  -65.3809 -15.4258 18.225
24  -68.2784 -0.00287008 9.71237
25  -65.3793 15.4184 18.2355
26  -62.1913 30.1338 9.84322
27  -53.1992 42.0871 17.9075
28  41.0584 -51.6532 24.0987
29  47.712 -39.1292 33.708
30  58.4399 -28.2804 26.3622
31  60.099 -14.0793 32.93
32  64.7737 -0.00287008 25.0053
33  58.4536 28.2856 26.3549
34  60.0985 14.0851 32.9041
35  47.712 39.1234 33.708
36  41.0584 51.6475 24.0987
37  26.4517 58.4322 28.209
38  9.83318 62.2229 30.0918
39  -9.82601 62.2229 30.0918
40  -26.4367 58.4459 28.2199
41  -41.0512 51.6475 24.0987
42  -47.7048 39.1234 33.7079
43  -58.4421 28.2822 26.3447
44  -60.0911 14.0639 32.9456
45  -64.7552 -0.00287008 24.9751
46  -60.0914 -14.0908 32.9041
47  -58.4375 -28.2843 26.3521
48  -53.2043 -42.0905 17.8978
49  -41.0669 -51.6468 24.0847
50  -26.4447 -58.4379 28.209
51  -9.8261 -62.2286 30.0918
52  9.83309 -62.2286 30.0918
53  26.4417 -58.4427 28.213
54  -47.6976 -39.1235 33.6991
55  -33.7162 47.7174 39.1085
56  -51.6355 24.142 41.031
57  -39.1607 33.7378 47.6755
58  -52.3841 9.08421 45.6401
59  -52.3804 -9.02519 45.6633
60  -51.6259 -24.1171 41.0626
61  -17.8184 53.2342 42.0767
62  0.00351739 55.1039 43.0503
63  17.8362 53.2293 42.0797
64  33.7233 47.7174 39.1085
65  -39.1498 -33.7264 47.6614
66  -33.7162 -47.7231 39.1085
67  -24.0864 -41.1238 51.5949
68  -17.8291 -53.235 42.0797
69  0.00351739 -55.1096 43.0503
70  17.8463 -53.2301 42.0823
71  33.7399 -47.7367 39.1188
72  51.6341 -24.1282 41.0558
73  39.1569 -33.7265 47.6614
74  24.1008 -41.1162 51.5984
75  9.12136 -45.6019 52.4344
76  -9.08387 -45.6097 52.4308
77  52.3915 -9.08177 45.6443
78  52.3915 9.07603 45.6443
79  51.6395 24.1255 41.0471
80  39.1569 33.7207 47.6614
81  24.1079 41.1027 51.6016
82  9.14856 45.5857 52.4357
83  -9.10448 45.599 52.4335
84  -24.0787 41.1253 51.5912
85  -42.0143 17.8968 53.256
86  -43.087 -0.00287008 55.0751
87  -42.0027 -17.8537 53.2817
88  42.0197 17.8877 53.2617
89  28.3394 26.3668 58.4138
90  14.0727 32.9357 60.0962
91  -14.0703 32.9278 60.0964
92  -28.3357 26.3748 58.4182
93  -30.1711 9.82863 62.1862
94  -30.1691 -9.82078 62.1916
95  -28.3323 -26.3725 58.4137
96  -14.0656 -32.9414 60.0961
97  14.0727 -32.9415 60.0962
98  28.3394 -26.3725 58.4138
99  42.0154 -17.8742 53.2722
100  43.0942 -0.00287008 55.0753
101  30.1781 -9.8344 62.1863
102  30.1781 9.82865 62.1863
103  15.5165 18.2329 65.3643
104  16.1489 -0.00287008 67.3258
105  15.5177 -18.2403 65.3657
106  0.00351095 25.023 64.7462
107  0.00351 9.71197 68.2796
108  -15.5115 18.2451 65.367
109  0.00350952 -9.72869 68.281
110  -16.1418 -0.00287008 67.3258
111  -15.5115 -18.2508 65.367
