0	109	123	4	8	93	94	
1	110	113	32	5	76	9	
2	10	111	114	31	6	75	
3	11	112	115	30	7	74	
4	0	109	113	32	40	8	
5	1	110	114	31	39	9	
6	10	111	115	2	30	38	
7	11	112	116	29	3	37	
8	0	4	40	44	94	95	
9	1	39	43	5	76	84	
10	2	38	42	6	75	83	
11	3	37	41	7	74	82	
12	16	20	44	52	95	97	
13	17	21	43	51	84	88	
14	18	22	42	50	83	87	
15	19	23	41	49	82	86	
16	108	12	20	97	
17	13	21	88	92	
18	14	22	87	91	
19	15	23	86	90	
20	12	16	52	60	
21	13	17	51	59	
22	14	18	50	58	
23	15	19	49	57	
24	102	104	25	26	81	85	
25	104	106	24	26	
26	24	25	85	89	
27	101	121	122	123	28	93	
28	116	121	122	27	29	73	
29	116	28	33	37	7	73	
30	115	3	34	38	6	74	
31	114	2	35	39	5	75	
32	1	113	36	4	40	76	
33	29	37	45	69	73	77	
34	30	38	46	70	74	78	
35	31	39	47	71	75	79	
36	32	40	48	72	76	80	
37	11	29	33	41	45	7	
38	10	30	34	42	46	6	
39	31	35	43	47	5	9	
40	32	36	4	44	48	8	
41	11	15	37	45	49	82	
42	10	14	38	46	50	83	
43	13	39	47	51	84	9	
44	12	40	48	52	8	95	
45	33	37	41	49	53	77	
46	34	38	42	50	54	78	
47	35	39	43	51	55	79	
48	36	40	44	52	56	80	
49	15	23	41	45	53	57	
50	14	22	42	46	54	58	
51	13	21	43	47	55	59	
52	12	20	44	48	56	60	
53	45	49	57	61	65	77	
54	46	50	58	62	66	78	
55	47	51	59	63	67	79	
56	48	52	60	64	68	80	
57	23	49	53	61	
58	22	50	54	62	
59	21	51	55	63	
60	20	52	56	64	
61	53	57	65	89	
62	54	58	66	90	
63	55	59	67	91	
64	56	60	68	92	
65	53	61	69	77	85	89	
66	54	62	70	78	86	90	
67	55	63	71	79	87	91	
68	56	64	72	80	88	92	
69	33	65	73	77	81	85	
70	34	66	74	78	82	86	
71	35	67	75	79	83	87	
72	36	68	76	80	84	88	
73	121	28	29	33	69	81	
74	11	3	30	34	70	82	
75	10	2	31	35	71	83	
76	1	32	36	72	84	9	
77	33	45	53	65	69	
78	34	46	54	66	70	
79	35	47	55	67	71	
80	36	48	56	68	72	
81	102	121	24	69	73	85	
82	11	15	41	70	74	86	
83	10	14	42	71	75	87	
84	13	43	72	76	88	9	
85	24	26	65	69	81	89	
86	15	19	66	70	82	90	
87	14	18	67	71	83	91	
88	13	17	68	72	84	92	
89	26	61	65	85	
90	19	62	66	86	
91	18	63	67	87	
92	17	64	68	88	
93	0	100	101	123	27	94	
94	0	100	8	93	95	96	
95	12	44	8	94	96	97	
96	100	94	95	97	98	99	
97	108	12	16	95	96	98	
98	105	107	108	96	97	99	
99	100	103	105	96	98	
100	101	103	93	94	96	99	
101	100	102	103	121	27	93	
102	101	103	104	121	24	81	
103	100	101	102	104	105	99	
104	102	103	105	106	24	25	
105	103	104	106	107	98	99	
106	104	105	107	25	
107	105	106	108	98	
108	107	16	97	98	
109	0	113	117	123	124	4	
110	1	113	114	117	118	5	
111	114	115	118	119	2	6	
112	115	116	119	120	3	7	
113	1	109	110	117	32	4	
114	110	111	118	2	31	5	
115	111	112	119	3	30	6	
116	112	120	122	28	29	7	
117	109	110	113	118	124	125	
118	110	111	114	117	119	125	
119	111	112	115	118	120	125	
120	112	116	119	122	124	125	
121	101	102	27	28	73	81	
122	116	120	123	124	27	28	
123	0	109	122	124	27	93	
124	109	117	120	122	123	125	
125	117	118	119	120	124	
