0 16.7846 54.5104 34.3381
1 37.4615 54.5104 -5.39963
10 0 47.2999 -46.6367
100 0 40.8715 52.0723
101 -14.1904 44.1721 47.8147
102 -25.7994 35.0209 50.7132
103 -13.4842 33.2378 55.9372
104 -21.9836 22.714 58.4338
105 -8.77407 20.6476 62.0277
106 -16.3852 9.4594 63.0719
107 0 9.33033 64.6897
108 16.3852 9.4594 63.0719
109 14.1904 61.7225 18.8827
11 -44.3541 47.2999 -15.4284
110 21.9836 61.7225 -8.10915
111 0 61.7225 -23.115
112 -21.9836 61.7225 -8.10915
113 25.7994 60.1657 9.31632
114 16.3852 60.1657 -22.1778
115 -16.3852 60.1657 -22.1778
116 -25.7994 60.1657 9.31632
117 13.4842 63.9818 4.84405
118 8.77407 63.9818 -11.7019
119 -8.77407 63.9818 -11.7019
12 37.4615 21.4546 50.9125
120 -13.4842 63.9818 4.84405
121 -28.1124 47.2999 38.0447
122 -14.1904 61.7225 18.8827
123 0 60.1657 26.8956
124 0 63.9818 13.9467
125 0 65 -0.771684
13 59.3798 21.4546 -20.3435
14 0 21.4546 -62.255
15 -59.3798 21.4546 -20.3435
16 33.0981 9.51004 56.6954
17 63.4869 9.51004 -14.3378
18 8.28444 9.51004 -64.3286
19 -59.3798 9.51004 -27.6712
2 8.28444 54.5104 -37.0954
20 44.3541 9.51004 48.6185
21 59.3798 9.51004 -27.6712
22 -8.28444 9.51004 -64.3286
23 -63.4869 9.51004 -14.3378
24 -37.4615 21.4546 50.9125
25 -33.0981 9.51004 56.6954
26 -44.3541 9.51004 48.6185
27 -16.7846 54.5104 34.3381
28 -28.1124 54.5104 26.1675
29 -40.9246 50.5255 14.2892
3 -33.0981 54.5104 -19.135
30 -25.7546 50.5255 -35.044
31 25.7546 50.5255 -35.044
32 40.9246 50.5255 14.2892
33 -49.7439 40.8715 17.2124
34 -31.3149 40.8715 -42.5462
35 31.3149 40.8715 -42.5462
36 49.7439 40.8715 17.2124
37 -49.4902 44.1721 2.8584
38 -18.4195 44.1721 -46.4532
39 38.9711 44.1721 -31.6247
4 28.1124 54.5104 26.1675
40 41.7638 44.1721 27.9486
41 -55.6618 35.0209 -9.23259
42 -10.6798 35.0209 -55.4529
43 49.9822 35.0209 -27.1301
44 40.9246 35.0209 39.8407
45 -57.0021 33.2378 6.83459
46 -23.8323 33.2378 -52.5678
47 43.3372 33.2378 -38.6813
48 49.7439 33.2378 29.8728
49 -61.8224 22.714 -2.25931
5 33.0981 54.5104 -19.135
50 -18.4195 22.714 -59.478
51 51.6103 22.714 -35.7023
52 49.4902 22.714 38.6906
53 -61.3469 20.6476 13.1355
54 -31.3149 20.6476 -55.0357
55 43.3372 20.6476 -46.431
56 57.0021 20.6476 27.3965
57 -64.4877 9.4594 6.12041
58 -25.7546 9.4594 -60.1804
59 49.9822 9.4594 -42.8031
6 -8.28444 54.5104 -37.0954
60 55.6618 9.4594 34.8914
61 -61.8224 9.33033 21.1371
62 -38.9711 9.33033 -52.9903
63 38.9711 9.33033 -52.9903
64 61.8224 9.33033 21.1371
65 -57.0021 20.6476 27.3965
66 -43.3372 20.6476 -46.431
67 31.3149 20.6476 -55.0357
68 61.3469 20.6476 13.1355
69 -49.7439 33.2378 29.8728
7 -37.4615 54.5104 -5.39963
70 -43.3372 33.2378 -38.6813
71 23.8323 33.2378 -52.5678
72 57.0021 33.2378 6.83459
73 -41.7638 44.1721 27.9486
74 -38.9711 44.1721 -31.6247
75 18.4195 44.1721 -46.4532
76 49.4902 44.1721 2.8584
77 -55.6832 29.7339 19.6165
78 -35.8717 29.7339 -48.1333
79 35.8717 29.7339 -48.1333
8 28.1124 47.2999 38.0447
80 55.6832 29.7339 19.6165
81 -40.9246 35.0209 39.8407
82 -49.9822 35.0209 -27.1301
83 10.6798 35.0209 -55.4529
84 55.6618 35.0209 -9.23259
85 -49.4902 22.714 38.6906
86 -51.6103 22.714 -35.7023
87 18.4195 22.714 -59.478
88 61.8224 22.714 -2.25931
89 -55.6618 9.4594 34.8914
9 44.3541 47.2999 -15.4284
90 -49.9822 9.4594 -42.8031
91 25.7546 9.4594 -60.1804
92 64.4877 9.4594 6.12041
93 0 50.5255 42.7992
94 14.1904 44.1721 47.8147
95 25.7994 35.0209 50.7132
96 13.4842 33.2378 55.9372
97 21.9836 22.714 58.4338
98 8.77407 20.6476 62.0277
99 0 29.7339 59.0311
