0 88.4497 55.4711 -0.690578
1 56.2867 -85.9729 -19.3266
10 -28.5068 31.4249 -95.3196
11 -60.5529 -60.5529 -60.5529
12 70.8138 -9.28048 -76.3702
13 97.4732 -36.2674 -5.45224
14 -75.384 -36.5779 -62.8676
15 87.6192 52.4837 22.3405
16 -28.5983 -41.373 -91.5983
17 28.5068 -31.4249 -95.3196
18 -36.5779 -62.8676 -75.384
19 5.45225 -97.4732 -36.2674
2 92.4086 -44.5866 19.4103
20 -10.0748 -61.1868 -84.1184
21 91.5983 28.5983 -41.373
22 68.5559 -35.4191 -70.7883
23 35.4191 -70.7883 -68.5559
24 88.4497 -55.4711 0.690586
25 75.384 36.5779 -62.8676
26 62.8676 75.384 -36.5779
27 -45.7977 47.8611 -81.0415
28 16.7044 100.851 -19.3823
29 52.4837 -22.3405 -87.6192
3 70.7883 -68.5559 -35.4191
30 79.3516 -65.9286 17.2075
31 -44.5866 -19.4103 -92.4086
32 19.4103 92.4086 -44.5866
33 -35.4191 70.7883 -68.5559
34 17.2075 79.3516 -65.9286
35 10.2189 -11.6393 -102.647
36 81.0415 -45.7977 -47.8611
37 22.3405 -87.6192 -52.4837
38 4.29153e-06 37.8444 -97.0357
39 -0.690583 -88.4497 -55.4711
4 91.5983 -28.5983 41.373
40 85.9729 -19.3266 -56.2867
41 102.647 -10.2189 -11.6393
42 -60.4811 60.4811 -60.4811
43 95.3196 28.5068 31.4249
44 -53.846 -41.1445 -79.8788
45 -19.4103 -92.4086 -44.5866
46 97.4732 36.2674 5.45225
47 61.1868 84.1184 -10.0748
48 92.4086 44.5866 -19.4103
49 0 -37.8444 -97.0357
5 36.5779 62.8676 -75.384
50 19.3266 -56.2867 -85.9729
51 60.5529 60.5529 -60.5529
52 -36.2674 5.45225 -97.4732
53 37.8444 97.0357 -1.43051e-06
54 45.7977 -47.8611 -81.0415
55 47.8611 -81.0415 -45.7977
56 -68.5559 35.4191 -70.7883
57 61.1868 -84.1184 10.0748
58 -19.3823 -16.7044 -100.851
59 41.373 91.5983 -28.5983
6 84.1184 10.0748 -61.1868
60 55.4711 0.690582 -88.4497
61 -22.3405 87.6192 -52.4837
62 76.3702 -70.8138 -9.28047
63 100.851 -19.3823 16.7044
64 41.1445 79.8788 -53.846
65 0.690581 88.4497 -55.4711
66 -47.8611 81.0415 -45.7977
67 87.6192 -52.4837 -22.3405
68 19.3823 16.7044 -100.851
69 10.0748 61.1868 -84.1184
7 95.3196 -28.5068 -31.4249
70 97.0357 -4.29153e-06 -37.8444
71 -55.4711 -0.690582 -88.4497
72 97.0357 -9.53674e-07 37.8444
73 44.5866 19.4103 -92.4086
74 -9.28048 76.3702 -70.8138
75 -70.8138 9.28048 -76.3702
76 -41.1445 -79.8788 -53.846
77 -10.2189 11.6393 -102.647
78 102.647 10.2189 11.6393
79 76.3702 70.8138 9.28048
8 28.5983 41.373 -91.5983
80 -17.2075 -79.3516 -65.9286
81 31.4249 -95.3196 -28.5068
82 100.851 19.3823 -16.7044
83 56.2867 85.9729 19.3266
84 9.28048 -76.3702 -70.8138
85 36.2674 -5.45225 -97.4732
86 53.846 41.1445 -79.8788
87 79.8788 53.846 -41.1445
88 60.4811 -60.4811 -60.4811
89 -52.4837 22.3405 -87.6192
9 -19.3266 56.2867 -85.9729
90 37.8444 -97.0357 -2.38419e-06
91 65.9286 17.2075 -79.3516
92 79.3516 65.9286 -17.2075
93 -65.9286 -17.2075 -79.3516
94 11.6393 -102.647 -10.2189
95 -5.45225 97.4732 -36.2674
