0	96	97	105	109	111	
1	2	27	41	
2	1	3	40	41	
3	2	4	39	40	
4	3	5	38	39	
5	4	6	37	38	
6	5	7	36	37	
7	6	8	36	
8	7	9	33	35	36	
9	8	13	33	
10	12	13	32	
11	12	14	30	
12	10	11	30	31	32	
13	9	10	32	33	34	
14	11	15	28	29	30	
15	14	16	28	
16	15	17	28	53	
17	16	18	52	53	
18	17	19	51	52	
19	18	20	50	51	
20	19	21	49	50	
21	20	48	49	
22	23	47	48	
23	22	24	45	46	47	
24	23	25	45	
25	24	26	43	44	45	
26	25	27	43	
27	1	26	41	42	43	
28	14	15	16	29	53	71	
29	14	28	30	71	72	73	
30	11	12	14	29	31	72	
31	12	30	32	72	77	
32	10	12	13	31	34	
33	8	9	13	34	35	79	
34	13	32	33	78	79	
35	8	33	36	64	79	80	
36	6	7	8	35	37	64	
37	5	6	36	38	63	64	
38	4	5	37	39	62	63	
39	3	4	38	40	61	62	
40	2	3	39	41	55	61	
41	1	2	27	40	42	55	
42	27	41	43	55	56	57	
43	25	26	27	42	44	56	
44	25	43	45	56	58	
45	23	24	25	44	46	
46	23	45	47	59	60	
47	22	23	46	48	54	60	
48	21	22	47	49	54	
49	20	21	48	50	54	66	
50	19	20	49	51	66	68	
51	18	19	50	52	68	69	
52	17	18	51	53	69	70	
53	16	17	28	52	70	71	
54	47	48	49	60	65	66	
55	40	41	42	57	61	84	
56	42	43	44	57	58	85	
57	42	55	56	84	85	92	
58	44	56	59	85	86	
59	46	58	60	86	87	
60	46	47	54	59	65	87	
61	39	40	55	62	83	84	
62	38	39	61	63	82	83	
63	37	38	62	64	81	82	
64	35	36	37	63	80	81	
65	54	60	66	67	87	95	
66	49	50	54	65	67	68	
67	65	66	68	76	95	96	
68	50	51	66	67	69	76	
69	51	52	68	70	75	76	
70	52	53	69	71	74	75	
71	28	29	53	70	73	74	
72	29	30	31	73	77	99	
73	29	71	72	74	98	99	
74	70	71	73	75	97	98	
75	69	70	74	76	97	
76	67	68	69	75	96	
77	31	72	78	99	100	
78	34	77	79	88	100	
79	33	34	35	78	80	88	
80	35	64	79	81	88	89	
81	63	64	80	82	89	90	
82	62	63	81	83	90	
83	61	62	82	84	91	
84	55	57	61	83	91	92	
85	56	57	58	86	92	93	
86	58	59	85	87	93	94	
87	59	60	65	86	94	95	
88	78	79	80	89	100	102	
89	80	81	88	90	102	103	
90	81	82	89	103	106	
91	83	84	92	106	108	
92	57	84	85	91	93	108	
93	85	86	92	94	108	110	
94	86	87	93	95	110	111	
95	65	67	87	94	96	111	
96	0	67	76	95	111	
97	0	74	75	98	105	
98	73	74	97	99	101	105	
99	72	73	77	98	100	101	
100	77	78	88	99	101	102	
101	98	99	100	102	104	105	
102	88	89	100	101	103	104	
103	89	90	102	104	106	107	
104	101	102	103	105	107	109	
105	0	97	98	101	104	109	
106	90	91	103	107	108	
107	103	104	106	108	109	110	
108	91	92	93	106	107	110	
109	0	104	105	107	110	111	
110	93	94	107	108	109	111	
111	0	94	95	96	109	110	
