0 -99.5161 124.327 32.3347
1 -101.63 107.861 66.6615
10 -137.373 84.5219 -19.7711
100 79.933 134.295 -44.5175
101 17.638 134.295 -89.7775
102 0 115.749 -114.054
103 -17.638 134.295 -89.7775
104 -79.933 134.295 -44.5175
105 -108.472 115.749 -35.2447
106 -90.8339 134.295 -10.968
107 -67.0394 115.749 92.2718
108 -38.5004 134.295 82.9989
109 -67.0394 134.295 62.2641
11 -153.396 53.4299 -4.58923
110 -61.2541 149.191 19.9027
111 -31.9936 153.113 44.0354
112 0 149.191 64.4064
113 31.9936 153.113 44.0354
114 61.2541 149.191 19.9027
115 51.7667 153.113 -16.82
116 37.8571 149.191 -52.1058
117 0 153.113 -54.4307
118 -37.8571 149.191 -52.1058
119 -51.7667 153.113 -16.82
12 -160.77 20.1155 12.4321
120 -30.2828 159.35 9.83949
121 0 159.35 31.8412
122 30.2828 159.35 9.83949
123 18.7158 159.35 -25.7601
124 -18.7158 159.35 -25.7601
125 0 162.5 -1.6246
13 -99.5161 84.5219 96.7411
14 -121.403 53.4299 93.8769
15 -137.373 20.1155 84.4406
16 -157.873 20.2409 -32.7504
17 -146.972 20.2409 -66.2999
18 -146.972 50.2485 -47.7542
19 -122.758 84.5219 -64.7508
2 -122.008 99.7431 39.6429
20 -126.798 53.4299 -86.4513
21 -122.758 20.1155 -104.556
22 -94.8042 107.861 -76.056
23 -105.688 80.0641 -93.9469
24 -105.688 48.2229 -113.626
25 -61.5043 124.327 -84.6535
26 -75.4052 99.7431 -103.786
27 -86.8133 71.2191 -117.864
28 -43.0375 107.861 -113.667
29 -56.6894 80.0641 -129.546
3 -121.403 107.861 5.80612
30 -75.4052 48.2229 -135.628
31 -94.8042 19.7898 -130.487
32 -61.5043 20.1155 -149.06
33 -43.0375 53.4299 -147.307
34 -23.6472 84.5219 -136.759
35 -17.638 20.2409 -160.267
36 17.638 20.2409 -160.267
37 0 50.2485 -154.536
38 23.6472 84.5219 -136.759
39 43.0375 53.4299 -147.307
4 -140.724 80.0641 13.8828
40 43.0375 107.861 -113.667
41 56.6894 80.0641 -129.546
42 75.4052 48.2229 -135.628
43 61.5043 20.1155 -149.06
44 61.5043 124.327 -84.6535
45 75.4052 99.7431 -103.786
46 86.8133 71.2191 -117.864
47 94.8042 107.861 -76.056
48 105.688 80.0641 -93.9469
49 105.688 48.2229 -113.626
5 -137.377 71.2191 45.6404
50 94.8042 19.7898 -130.487
51 122.758 20.1155 -104.556
52 126.798 53.4299 -86.4513
53 122.758 84.5219 -64.7508
54 146.972 20.2409 -66.2999
55 157.873 20.2409 -32.7504
56 146.972 50.2485 -47.7542
57 137.373 84.5219 -19.7711
58 153.396 53.4299 -4.58923
59 160.77 20.1155 12.4321
6 -122.008 80.0641 71.4841
60 152.291 48.2229 29.8034
61 140.724 80.0641 13.8828
62 121.403 107.861 5.80612
63 137.377 71.2191 45.6404
64 122.008 99.7431 39.6429
65 99.5161 124.327 32.3347
66 101.63 107.861 66.6615
67 122.008 80.0641 71.4841
68 140.724 48.2229 65.403
69 153.396 19.7898 49.8415
7 -140.724 48.2229 65.403
70 137.373 20.1155 84.4406
71 121.403 53.4299 93.8769
72 99.5161 84.5219 96.7411
73 108.472 20.2409 119.291
74 79.933 20.2409 140.026
75 90.8339 50.2485 125.022
76 61.2541 84.5219 124.54
77 31.9936 107.861 117.255
78 30.2828 80.0641 138.127
79 51.7667 53.4299 144.47
8 -152.291 48.2229 29.8034
80 37.8571 20.1155 156.743
81 18.7158 48.2229 154.047
82 0 71.2191 146.071
83 0 99.7431 128.287
84 0 124.327 104.637
85 -31.9936 107.861 117.255
86 -30.2828 80.0641 138.127
87 -18.7158 48.2229 154.047
88 0 19.7898 161.29
89 -37.8571 20.1155 156.743
9 -153.396 19.7898 49.8415
90 -51.7667 53.4299 144.47
91 -61.2541 84.5219 124.54
92 -79.933 20.2409 140.026
93 -108.472 20.2409 119.291
94 -90.8339 50.2485 125.022
95 67.0394 115.749 92.2718
96 38.5004 134.295 82.9989
97 67.0394 134.295 62.2641
98 90.8339 134.295 -10.968
99 108.472 115.749 -35.2447
