0  -8.10623e-06	139.131	30.7928
1  -35.5664	134.817	29.423
2  -66.1239	123.416	26.4712
3  -92.7319	106.932	16.4394
4  -108.775	85.199	34.8286
5  -127.904	60.108	18.1284
6  -134.81	29.3902	35.5611
7  -133.553	0	49.6536
8  -141.376	0	17.8599
9  -134.81	-29.3903	35.5611
10  -127.904	-60.1081	18.1284
11  -108.775	-85.1991	34.8286
12  -92.7319	-106.932	16.4394
13  -66.124	-123.416	26.4712
14  -35.5655	-134.817	29.4223
15  -8.10623e-06	-139.131	30.7928
16  35.5655	-134.817	29.4224
17  66.124	-123.416	26.4712
18  92.732	-106.932	16.4394
19  108.775	-85.1992	34.8286
20  127.905	-60.1082	18.1284
21  134.81	-29.3903	35.5612
22  141.376	0	17.86
23  134.81	29.3903	35.5612
24  127.905	60.1081	18.1284
25  108.775	85.1992	34.8287
26  92.732	106.932	16.4395
27  66.124	123.416	26.4711
28  35.5664	134.817	29.4231
29  83.2371	105.398	47.6127
30  52.683	119.914	56.1264
31  18.0903	127.969	60.0175
32  -18.0901	127.969	60.0175
33  -52.6829	119.914	56.1264
34  -83.237	105.398	47.6127
35  -119.919	56.2645	52.5096
36  -123.346	26.6333	66.1683
37  -119.919	-56.2645	52.5095
38  -97.2211	-79.0524	67.827
39  -83.237	-105.398	47.6127
40  -52.6829	-119.914	56.1264
41  -18.0903	-127.969	60.0174
42  18.0902	-127.969	60.0175
43  52.6829	-119.914	56.1264
44  83.2371	-105.398	47.6127
45  119.919	-56.2646	52.5096
46  123.346	-26.6334	66.1684
47  133.553	0	49.6536
48  123.346	26.6334	66.1684
49  119.919	56.2646	52.5096
50  97.2212	79.0524	67.8272
51  105.37	47.6723	83.2246
52  106.927	16.3754	92.7357
53  97.2212	-79.0524	67.8272
54  105.365	-47.6803	83.2263
55  106.927	-16.3754	92.7357
56  85.0405	34.7722	108.915
57  67.844	97.2432	79.0183
58  79.1192	67.8694	97.1398
59  34.7079	108.816	85.1928
60  -2.24113e-05	112.696	87.2095
61  -34.7072	108.817	85.1924
62  -67.8439	97.2432	79.0182
63  -97.2211	79.0524	67.8271
64  -105.364	47.6802	83.2261
65  -106.927	16.3754	92.7355
66  -123.346	-26.6333	66.1683
67  -67.8439	-97.2431	79.0182
68  -34.7079	-108.816	85.1928
69  -2.24113e-05	-112.696	87.2095
70  34.708	-108.816	85.1928
71  67.844	-97.2432	79.0183
72  79.1193	-67.8694	97.1398
73  85.0405	-34.7723	108.915
74  87.2894	0	112.634
75  60.1833	18.0657	127.896
76  56.3721	52.5566	119.858
77  47.6275	83.3356	105.304
78  60.1833	-18.0657	127.896
79  56.3721	-52.5566	119.858
80  47.6275	-83.3356	105.304
81  16.5214	-92.6075	107.031
82  26.6296	-66.1614	123.353
83  29.5768	-35.5845	134.77
84  30.8889	0	139.109
85  29.5768	35.5845	134.77
86  26.6296	66.1614	123.353
87  16.5213	92.6075	107.031
88  -16.5213	92.6075	107.031
89  -3.38554e-05	49.7536	133.528
90  -3.57628e-05	17.8599	141.376
91  -3.57628e-05	-17.8599	141.376
92  -3.38554e-05	-49.7536	133.528
93  -16.5213	-92.6075	107.031
94  -26.6295	-66.1614	123.353
95  -47.6275	-83.3356	105.304
96  -79.1192	-67.8693	97.1397
97  -105.369	-47.6722	83.2244
98  -106.927	-16.3754	92.7356
99  -47.6275	83.3355	105.304
100  -79.1191	67.8694	97.1397
101  -85.0404	34.7723	108.915
102  -87.2893	0	112.634
103  -85.0404	-34.7722	108.915
104  -60.1833	-18.0657	127.896
105  -60.1833	18.0656	127.896
106  -56.3721	52.5565	119.858
107  -26.6296	66.1614	123.353
108  -29.5769	35.5844	134.77
109  -30.8889	0	139.109
110  -29.5769	-35.5845	134.77
111  -56.3721	-52.5566	119.858
