0 67.6633 132.99 -89.1224
1 -60.0192 -104.244 -125.453
10 75.564 -79.0706 -135.05
11 -31.0852 93.1944 -143.317
12 117.656 -14.2573 -127.061
13 -86.7848 36.1549 -146.122
14 58.18 -117.688 -113.882
15 117.688 -113.882 -58.18
16 -14.2573 127.061 -117.656
17 154.258 73.5837 -31.1334
18 147.491 -91.7017 1.00928
19 51.3672 -159.288 -46.4844
2 -46.4844 51.3672 -159.288
20 1.00927 147.491 -91.7017
21 -100.346 100.346 -100.346
22 152.907 -46.6426 68.0434
23 0 -62.1299 -162.163
24 159.288 46.4844 51.3672
25 -91.7017 -1.00928 -147.491
26 162.163 -6.67572e-06 -62.1299
27 -109.497 -27.4803 -132.095
28 89.1224 67.6633 -132.99
29 171.902 -15.7841 -18.119
3 101.42 140.21 -15.5337
30 152.907 46.6426 -68.0434
31 68.0434 152.907 -46.6426
32 162.916 -59.5446 -8.27237
33 14.2573 -127.061 -117.656
34 -36.1549 146.122 -86.7848
35 -67.6633 -132.99 -89.1224
36 -31.1738 -26.6046 -168.725
37 46.6426 68.0434 -152.907
38 113.882 -58.18 -117.688
39 15.5337 101.42 -140.21
4 127.061 -117.656 -14.2573
40 31.0852 -93.1944 -143.317
41 93.1944 -143.317 -31.0852
42 -58.18 117.688 -113.882
43 162.916 59.5446 8.27238
44 154.258 -73.5837 31.1334
45 146.122 86.7848 36.1549
46 143.317 -31.0852 -93.1944
47 109.497 27.4803 -132.095
48 159.288 -46.4844 -51.3672
49 59.5446 -8.27237 -162.916
5 -79.0706 135.05 -75.564
50 168.725 31.1738 -26.6046
51 -75.564 79.0706 -135.05
52 27.4803 132.095 -109.497
53 168.725 -31.1738 26.6046
54 -27.4803 -132.095 -109.497
55 46.4844 -51.3672 -159.288
56 93.1944 143.317 31.0852
57 26.6046 168.725 -31.1738
58 -113.882 58.18 -117.688
59 100.363 100.363 -100.363
6 8.27237 -162.916 -59.5446
60 -31.1334 -154.258 -73.5837
61 -1.00928 -147.491 -91.7017
62 -59.5446 8.27237 -162.916
63 31.1738 26.6046 -168.725
64 147.491 91.7017 -1.00927
65 104.244 125.453 -60.0191
66 86.7848 -36.1549 -146.122
67 -73.5837 -31.1334 -154.258
68 60.0192 104.244 -125.453
69 -15.5337 -101.42 -140.21
7 6.67572e-06 62.1299 -162.163
70 91.7017 1.00928 -147.491
71 132.095 109.497 -27.4803
72 146.122 -86.7848 -36.1549
73 18.119 -171.902 -15.7841
74 101.42 -140.21 15.5337
75 -89.1224 -67.6633 -132.99
76 100.346 -100.346 -100.346
77 15.7841 -18.119 -171.902
78 -46.6426 -68.0434 -152.907
79 140.21 15.5337 -101.42
8 132.095 -109.497 27.4803
80 79.0706 -135.05 -75.564
81 135.05 -75.564 -79.0706
82 171.902 15.7841 18.119
83 36.1549 -146.122 -86.7848
84 31.1334 154.258 -73.5837
85 -125.453 -60.0192 -104.244
86 127.061 117.656 14.2574
87 -15.7841 18.119 -171.902
88 -8.27238 162.916 -59.5446
89 125.453 60.0192 -104.244
9 -117.656 14.2573 -127.061
90 73.5837 31.1334 -154.258
91 132.99 89.1224 -67.6633
92 62.1299 162.163 -9.53674e-07
93 162.163 -9.53674e-07 62.1299
94 -100.363 -100.363 -100.363
95 62.1299 -162.163 -2.86102e-06
