0 61.2541 84.5219 124.54
1 31.9936 107.861 117.255
10 30.2828 80.0641 138.127
100 -17.638 134.295 -89.7775
101 67.0394 115.749 92.2718
102 67.0394 134.295 62.2641
103 38.5004 134.295 82.9989
104 -108.472 115.749 -35.2447
105 -79.933 134.295 -44.5175
106 -90.8339 134.295 -10.968
107 -67.0394 115.749 92.2718
108 -67.0394 134.295 62.2641
109 -38.5004 134.295 82.9989
11 0 99.7431 128.287
110 0 149.191 64.4064
111 31.9936 153.113 44.0354
112 61.2541 149.191 19.9027
113 51.7667 153.113 -16.82
114 37.8571 149.191 -52.1058
115 0 153.113 -54.4307
116 -37.8571 149.191 -52.1058
117 -51.7667 153.113 -16.82
118 -61.2541 149.191 19.9027
119 -31.9936 153.113 44.0354
12 -30.2828 80.0641 138.127
120 0 159.35 31.8412
121 30.2828 159.35 9.83949
122 18.7158 159.35 -25.7601
123 -18.7158 159.35 -25.7601
124 -30.2828 159.35 9.83949
125 0 162.5 -1.62739
126 0 0 0
13 -18.7158 48.2229 154.047
14 18.7158 48.2229 154.047
15 0 71.2166 146.072
16 99.5161 124.327 32.3347
17 101.63 107.861 66.6615
18 99.5161 84.5219 96.7411
19 121.403 53.4299 93.8769
2 0 124.327 104.637
20 137.373 20.1155 84.4406
21 153.396 19.7898 49.8415
22 160.77 20.1155 12.4321
23 153.396 53.4299 -4.58922
24 137.373 84.5219 -19.7711
25 121.403 107.861 5.80612
26 122.008 99.7431 39.6429
27 122.008 80.0641 71.4841
28 140.724 48.2229 65.403
29 152.291 48.2229 29.8034
3 -31.9936 107.861 117.255
30 140.724 80.0641 13.8828
31 137.375 71.2166 45.6417
32 61.5043 124.327 -84.6535
33 94.8042 107.861 -76.056
34 122.758 84.5219 -64.7508
35 126.798 53.4299 -86.4513
36 105.688 80.0641 -93.9469
37 75.4052 99.7431 -103.786
38 43.0375 107.861 -113.667
39 23.6472 84.5219 -136.759
4 -61.2541 84.5219 124.54
40 43.0375 53.4299 -147.307
41 56.6894 80.0641 -129.547
42 86.8156 71.2166 -117.864
43 105.688 48.2229 -113.626
44 122.758 20.1155 -104.556
45 94.8042 19.7898 -130.487
46 75.4052 48.2229 -135.628
47 61.5043 20.1155 -149.06
48 -61.5043 124.327 -84.6535
49 -43.0375 107.861 -113.667
5 -51.7667 53.4299 144.47
50 -23.6472 84.5219 -136.759
51 -43.0375 53.4299 -147.307
52 -56.6894 80.0641 -129.547
53 -75.4052 99.7431 -103.786
54 -94.8042 107.861 -76.056
55 -122.758 84.5219 -64.7508
56 -126.798 53.4299 -86.4513
57 -105.688 80.0641 -93.9469
58 -86.8156 71.2166 -117.864
59 -75.4052 48.2229 -135.628
6 -37.8571 20.1155 156.743
60 -61.5043 20.1155 -149.06
61 -94.8042 19.7898 -130.487
62 -105.688 48.2229 -113.626
63 -122.758 20.1155 -104.556
64 -121.403 53.4299 93.8769
65 -99.5161 84.5219 96.7411
66 -101.63 107.861 66.6615
67 -99.5161 124.327 32.3347
68 -121.403 107.861 5.80612
69 -137.373 84.5219 -19.7711
7 0 19.7898 161.29
70 -153.396 53.4299 -4.58922
71 -160.77 20.1155 12.4321
72 -137.373 20.1155 84.4406
73 -153.396 19.7898 49.8415
74 -152.291 48.2229 29.8034
75 -140.724 48.2229 65.403
76 -122.008 80.0641 71.4841
77 -122.008 99.7431 39.6429
78 -140.724 80.0641 13.8828
79 -137.375 71.2166 45.6417
8 37.8571 20.1155 156.743
80 108.472 20.2409 119.291
81 79.933 20.2409 140.026
82 90.8339 50.2485 125.022
83 146.972 20.2409 -66.2999
84 157.873 20.2409 -32.7504
85 146.972 50.2485 -47.7542
86 17.638 20.2409 -160.267
87 -17.638 20.2409 -160.267
88 0 50.2485 -154.536
89 -157.873 20.2409 -32.7504
9 51.7667 53.4299 144.47
90 -146.972 20.2409 -66.2999
91 -146.972 50.2485 -47.7542
92 -79.933 20.2409 140.026
93 -108.472 20.2409 119.291
94 -90.8339 50.2485 125.022
95 90.8339 134.295 -10.968
96 108.472 115.749 -35.2447
97 79.933 134.295 -44.5175
98 0 115.749 -114.054
99 17.638 134.295 -89.7775
