0	1	28	31	32	
1	0	2	32	33	
2	1	3	33	34	
3	2	4	34	
4	3	5	34	35	63	
5	4	6	35	
6	5	7	8	35	36	
7	6	8	9	36	66	
8	6	7	9	
9	7	8	10	37	66	
10	9	11	37	
11	10	12	37	38	39	
12	11	13	39	
13	12	14	39	40	
14	13	15	40	41	
15	14	16	41	42	
16	15	17	42	43	
17	16	18	43	44	
18	17	19	44	
19	18	20	44	45	53	
20	19	21	45	
21	20	22	45	46	47	
22	21	23	47	
23	22	24	47	48	49	
24	23	25	49	
25	24	26	29	49	50	
26	25	27	29	
27	26	28	29	30	
28	0	27	30	31	
29	25	26	27	30	50	57	
30	27	28	29	31	57	59	
31	0	28	30	32	59	60	
32	0	1	31	33	60	61	
33	1	2	32	34	61	62	
34	2	3	4	33	62	63	
35	4	5	6	36	63	64	
36	6	7	35	64	65	
37	9	10	11	38	66	97	
38	11	37	39	67	96	97	
39	11	12	13	38	40	67	
40	13	14	39	41	67	68	
41	14	15	40	42	68	69	
42	15	16	41	43	69	70	
43	16	17	42	44	70	71	
44	17	18	19	43	53	71	
45	19	20	21	46	53	54	
46	21	45	47	54	55	
47	21	22	23	46	48	
48	23	47	49	51	52	
49	23	24	25	48	50	51	
50	25	29	49	51	57	58	
51	48	49	50	52	56	58	
52	48	51	55	56	74	
53	19	44	45	54	71	72	
54	45	46	53	55	72	73	
55	46	52	54	73	74	
56	51	52	58	74	75	76	
57	29	30	50	58	59	77	
58	50	51	56	57	76	77	
59	30	31	57	60	77	87	
60	31	32	59	61	87	88	
61	32	33	60	62	88	99	
62	33	34	61	63	99	100	
63	4	34	35	62	64	100	
64	35	36	63	65	100	101	
65	36	64	98	101	102	
66	7	9	37	97	98	
67	38	39	40	68	95	96	
68	40	41	67	69	93	95	
69	41	42	68	70	81	93	
70	42	43	69	71	80	81	
71	43	44	53	70	72	80	
72	53	54	71	73	79	80	
73	54	55	72	74	78	79	
74	52	55	56	73	75	78	
75	56	74	76	78	84	85	
76	56	58	75	77	85	86	
77	57	58	59	76	86	87	
78	73	74	75	79	83	84	
79	72	73	78	80	82	83	
80	70	71	72	79	81	82	
81	69	70	80	82	93	
82	79	80	81	83	92	
83	78	79	82	84	91	92	
84	75	78	83	85	90	91	
85	75	76	84	86	89	90	
86	76	77	85	87	89	
87	59	60	77	86	88	
88	60	61	87	99	107	
89	85	86	90	107	108	
90	84	85	89	91	108	109	
91	83	84	90	92	109	110	
92	82	83	91	94	110	
93	68	69	81	94	95	
94	92	93	95	110	111	
95	67	68	93	94	96	111	
96	38	67	95	97	103	111	
97	37	38	66	96	98	103	
98	65	66	97	102	103	
99	61	62	88	100	106	107	
100	62	63	64	99	101	106	
101	64	65	100	102	105	106	
102	65	98	101	103	104	105	
103	96	97	98	102	104	111	
104	102	103	105	109	110	111	
105	101	102	104	106	108	109	
106	99	100	101	105	107	108	
107	88	89	99	106	108	
108	89	90	105	106	107	109	
109	90	91	104	105	108	110	
110	91	92	94	104	109	111	
111	94	95	96	103	104	110	
