0 -56.0235 76.6955 112.072
1 35.8115 120.667 75.259
10 0 133.639 58.6629
100 30.0144 137.126 40.6284
101 78.4627 64.8221 -106.089
102 91.8554 97.3268 60.8342
103 -136.344 44.4596 27.8718
104 -95.4241 44.4596 -102.422
105 28.4649 72.7178 123.974
106 89.976 111.775 30.2791
107 -91.8554 97.3268 60.8342
108 -47.536 137.126 -16.4625
109 -143.646 19.4368 12.2408
11 -39.6706 97.3268 -102.464
110 -110.463 19.4368 -94.3285
111 30.0144 97.3268 105.588
112 56.0235 133.639 19.1859
113 -30.0144 137.126 40.6284
114 17.0325 19.5492 -143.241
115 126.319 44.4596 59.6599
116 -109.859 72.7178 65.1323
117 -123.329 76.6955 -19.0357
118 -18.0558 44.4596 137.888
119 72.5089 120.667 -41.1212
12 85.6991 19.1475 -117.272
120 131.767 19.5492 -60.3717
121 68.4982 90.0271 -93.6953
122 109.307 97.3268 5.71679
123 -56.0235 133.639 19.1859
124 123.329 19.4368 76.5209
125 -109.307 49.0886 84.9669
13 137.365 49.0886 -4.51862
14 0 19.1475 144.103
15 -82.2391 46.2636 112.509
16 -56.0943 111.775 -76.7818
17 22.3858 76.6955 -122.82
18 114.081 49.0886 -78.322
19 123.33 64.8221 41.968
2 0 104.337 -102.84
20 -123.33 64.8221 41.968
21 47.536 137.126 -16.4625
22 47.536 49.0886 129.592
23 -68.4982 44.4596 -121.848
24 68.4982 44.4596 -121.848
25 0 90.0271 115.269
26 -109.859 90.0271 36.8002
27 -85.6991 97.3268 -69.1309
28 141.227 19.5492 -30.5262
29 -56.0943 19.4368 -133.593
3 82.2391 46.2636 112.509
30 56.0943 19.4368 -133.593
31 35.088 133.639 -47.9002
32 0 111.775 94.3627
33 0 64.8221 130.865
34 61.1847 120.667 56.887
35 97.8065 19.5492 107.394
36 -126.319 72.7178 13.6692
37 -95.4241 72.7178 -84.9901
38 -22.3858 76.6955 -122.82
39 -82.2391 120.667 -10.7993
4 95.4241 72.7178 -84.9901
40 -141.227 19.5492 -30.5262
41 28.4649 142.444 9.68811
42 -35.8115 120.667 75.259
43 109.859 90.0271 36.8002
44 -137.365 19.1475 45.7376
45 -114.081 49.0886 -78.322
46 -47.536 49.0886 129.592
47 17.0325 120.667 -81.3558
48 97.8065 104.337 -32.8496
49 0 46.2636 -138.357
5 126.319 72.7178 13.6692
50 109.859 72.7178 65.1323
51 -89.976 76.6955 87.5274
52 -137.365 49.0886 -4.51862
53 0 142.444 29.686
54 -97.8065 19.5492 107.394
55 -28.4649 142.444 9.68811
56 85.6991 97.3268 -69.1309
57 137.365 19.1475 45.7376
58 -126.319 44.4596 59.6599
59 18.0558 44.4596 137.888
6 89.976 76.6955 87.5274
60 -78.4627 64.8221 -106.089
61 56.0943 111.775 -76.7818
62 123.329 76.6955 -19.0357
63 109.307 49.0886 84.9669
64 -123.329 19.4368 76.5209
65 0 137.126 -49.9823
66 56.0235 76.6955 112.072
67 95.4241 44.4596 -102.422
68 136.344 44.4596 27.8718
69 72.5089 19.5492 125.667
7 -72.5089 120.667 -41.1212
70 -28.4649 72.7178 123.974
71 -131.767 19.5492 -60.3717
72 -68.4982 90.0271 -93.6953
73 39.6706 97.3268 -102.464
74 110.463 19.4368 -94.3285
75 143.646 19.4368 12.2408
76 -35.088 133.639 -47.9002
77 -30.0144 97.3268 105.588
78 -17.0325 120.667 -81.3558
79 -97.8065 104.337 -32.8496
8 -131.767 46.2636 -43.9186
80 -17.0325 19.5492 -143.241
81 -51.8018 72.7178 -116.384
82 51.8018 72.7178 -116.384
83 110.463 76.6955 -59.0721
84 -61.1847 104.337 83.5306
85 82.2391 120.667 -10.7993
86 131.767 46.2636 -43.9186
87 18.0558 142.444 -24.4574
88 -61.1847 120.667 56.887
89 -109.307 97.3268 5.71679
9 -18.0558 142.444 -24.4574
90 -85.6991 19.1475 -117.272
91 39.6706 49.0886 -132.027
92 0 145 -1.46214
93 -35.088 19.4368 140.258
94 61.1847 104.337 83.5306
95 -72.5089 19.5492 125.667
96 -89.976 111.775 30.2791
97 -110.463 76.6955 -59.0721
98 -39.6706 49.0886 -132.027
99 35.088 19.4368 140.258
