0 91.3492 112.751 31.8373
1 110.42 90.6082 37.6086
10 110.448 50.7367 86.3668
100 -62.7771 121.64 58.4366
101 -98.992 105.565 -34.4836
102 -83.6242 121.64 -10.7993
103 -73.8904 121.64 -42.752
104 17.3667 121.64 -82.8103
105 0 105.565 -104.086
106 -17.3667 121.64 -82.8103
107 98.992 105.565 -34.4836
108 73.8904 121.64 -42.752
109 83.6242 121.64 -10.7993
11 124.204 19.8061 77.8904
110 57.6172 134.24 19.5965
111 31.5014 137.712 42.1862
112 0 134.24 60.0544
113 -31.5014 137.712 42.1862
114 -57.6172 134.24 19.5965
115 -49.1042 137.712 -16.5612
116 -36.6137 134.24 -49.5402
117 0 137.712 -51.6312
118 36.6137 134.24 -49.5402
119 49.1042 137.712 -16.5612
12 137.935 19.4854 47.2119
120 18.4279 142.588 -25.2912
121 29.2827 142.588 9.68811
122 0 142.588 30.4079
123 -29.2827 142.588 9.68811
124 -18.4279 142.588 -25.2912
125 0 145 -1.6246
13 143.866 19.8061 12.2408
14 137.935 50.7367 -4.51862
15 124.204 78.1842 -19.4669
16 0 112.751 95.5222
17 0 90.6082 115.721
18 0 65.4377 131.246
19 -31.5014 98.5891 106.709
2 123.692 65.4377 42.7737
20 -29.2827 73.4409 124.384
21 -18.4279 45.2698 138.132
22 18.4279 45.2698 138.132
23 29.2827 73.4409 124.384
24 31.5014 98.5891 106.709
25 -57.6172 78.1842 113.174
26 -49.1042 50.7367 130.384
27 -36.6137 19.8061 140.718
28 0 19.4854 144.317
29 36.6137 19.8061 140.718
3 110.448 98.5891 5.71679
30 49.1042 50.7367 130.384
31 57.6172 78.1842 113.174
32 73.8904 19.9295 126.509
33 98.992 19.9295 108.502
34 83.6242 47.9278 113.619
35 -98.992 19.9295 108.502
36 -73.8904 19.9295 126.509
37 -83.6242 47.9278 113.619
38 -124.204 19.8061 77.8904
39 -110.448 50.7367 86.3668
4 126.744 73.4409 13.6692
40 -91.3492 78.1842 88.9326
41 -137.935 19.4854 47.2119
42 -126.744 45.2698 60.3968
43 -110.42 73.4409 65.8953
44 -93.2209 98.5891 62.4111
45 -91.3492 112.751 31.8373
46 -110.42 90.6082 37.6086
47 -123.692 65.4377 42.7737
48 -136.6 45.2698 28.596
49 -143.866 19.8061 12.2408
5 136.6 45.2698 28.596
50 -137.935 50.7367 -4.51862
51 -126.744 73.4409 13.6692
52 -110.448 98.5891 5.71679
53 -124.204 78.1842 -19.4669
54 -141.642 19.9295 -32.0461
55 -132.492 19.9295 -61.7855
56 -132.492 47.9278 -45.4436
57 -111.543 19.8061 -95.5329
58 -86.9878 19.4854 -118.249
59 -96.0575 45.2698 -103.006
6 126.744 45.2698 60.3968
60 -115.175 50.7367 -79.6995
61 -111.543 78.1842 -60.5823
62 -96.0575 73.4409 -85.6478
63 -79.1863 65.4377 -106.659
64 -69.1859 45.2698 -122.316
65 -57.5101 19.8061 -134.276
66 -86.9878 98.5891 -70.6074
67 -69.1859 90.6082 -94.3107
68 -52.4917 73.4409 -116.831
69 -41.1498 50.7367 -132.709
7 110.42 73.4409 65.8953
70 -57.5101 112.751 -78.2342
71 -41.1498 98.5891 -103.676
72 -23.2834 78.1842 -123.74
73 -17.3667 19.9295 -143.513
74 17.3667 19.9295 -143.513
75 0 47.9278 -138.899
76 132.492 19.9295 -61.7855
77 141.642 19.9295 -32.0461
78 132.492 47.9278 -45.4436
79 57.5101 19.8061 -134.276
8 93.2209 98.5891 62.4111
80 86.9878 19.4854 -118.249
81 111.543 19.8061 -95.5329
82 115.175 50.7367 -79.6995
83 96.0575 45.2698 -103.006
84 69.1859 45.2698 -122.316
85 41.1498 50.7367 -132.709
86 111.543 78.1842 -60.5823
87 96.0575 73.4409 -85.6478
88 79.1863 65.4377 -106.659
89 52.4917 73.4409 -116.831
9 91.3492 78.1842 88.9326
90 23.2834 78.1842 -123.74
91 69.1859 90.6082 -94.3107
92 86.9878 98.5891 -70.6074
93 41.1498 98.5891 -103.676
94 57.5101 112.751 -78.2342
95 62.7771 105.565 84.9256
96 37.5117 121.64 76.6572
97 62.7771 121.64 58.4366
98 -37.5117 121.64 76.6572
99 -62.7771 105.565 84.9256
