0 65
1 64
2 63
3 62
4 61
5 60
6 68
7 67
8 66
9 72
10 71
11 70
12 69
13 59
14 58
15 57
16 84
17 83
18 82
19 85
20 86
21 87
22 81
23 78
24 77
25 91
26 90
27 89
28 88
29 80
30 79
31 76
32 74
33 73
34 75
35 93
36 92
37 94
38 15
39 14
40 13
41 9
42 7
43 6
44 1
45 0
46 2
47 5
48 8
49 12
50 11
51 4
52 3
53 10
54 16
55 17
56 18
57 21
58 31
59 24
60 20
61 19
62 23
63 27
64 30
65 32
66 22
67 26
68 29
69 33
70 25
71 28
72 34
73 35
74 36
75 37
76 54
77 55
78 56
79 43
80 50
81 51
82 52
83 49
84 42
85 39
86 53
87 48
88 46
89 41
90 38
91 45
92 47
93 40
94 44
95 95
96 96
97 97
98 108
99 107
100 109
101 105
102 106
103 104
104 101
105 102
106 103
107 99
108 100
109 98
110 114
111 113
112 112
113 111
114 110
115 119
116 118
117 117
118 116
119 115
120 123
121 122
122 121
123 120
124 124
125 125
