0	1	109	110	3	8	97	
1	0	2	3	4	7	8	
2	1	4	5	6	7	
3	0	1	107	109	15	4	
4	1	14	15	2	3	5	
5	12	13	14	2	4	6	
6	10	11	12	2	5	7	
7	1	10	2	6	8	9	
8	0	1	7	9	95	97	
9	10	31	34	7	8	95	
10	11	33	34	6	7	9	
11	10	12	33	6	
12	11	13	5	6	
13	12	14	5	77	
14	13	15	4	5	77	78	
15	107	14	3	4	78	86	
16	112	17	19	24	96	98	
17	16	18	19	20	23	24	
18	17	20	21	22	23	
19	16	17	20	25	98	99	
20	17	18	19	21	25	26	
21	18	20	22	26	27	28	
22	18	21	23	28	29	30	
23	17	18	22	24	30	31	
24	16	17	23	31	95	96	
25	19	20	26	37	40	99	
26	20	21	25	27	36	37	
27	21	26	28	36	
28	21	22	27	29	
29	22	28	30	32	
30	22	23	29	31	32	34	
31	23	24	30	34	9	95	
32	29	30	33	34	
33	10	11	32	34	
34	10	30	31	32	33	9	
35	36	37	38	39	
36	26	27	35	37	
37	25	26	35	36	39	40	
38	35	39	41	42	
39	35	37	38	40	42	43	
40	25	37	39	43	44	99	
41	38	42	48	49	
42	38	39	41	43	47	48	
43	39	40	42	44	46	47	
44	100	40	43	45	46	99	
45	100	102	114	44	46	52	
46	43	44	45	47	51	52	
47	42	43	46	48	51	
48	41	42	47	49	50	51	
49	41	48	50	54	
50	48	49	51	53	54	56	
51	46	47	48	50	52	53	
52	101	102	45	46	51	53	
53	101	50	51	52	56	61	
54	49	50	55	56	
55	54	56	57	60	
56	50	53	54	55	60	61	
57	55	58	59	60	
58	57	59	64	65	
59	57	58	60	62	63	64	
60	55	56	57	59	61	62	
61	101	53	56	60	62	66	
62	59	60	61	63	66	67	
63	59	60	62	64	67	68	
64	58	59	63	65	68	69	
65	58	64	69	73	
66	101	103	61	62	67	70	
67	62	63	66	68	70	71	
68	63	64	67	69	71	72	
69	64	65	68	72	73	75	
70	103	106	116	66	67	71	
71	105	106	67	68	70	72	
72	105	68	69	71	75	90	
73	65	69	74	75	
74	73	75	79	85	
75	69	72	73	74	85	90	
76	77	78	81	82	
77	13	14	76	78	
78	14	15	76	77	82	86	
79	74	80	84	85	
80	79	81	83	84	
81	76	80	82	83	
82	76	78	81	83	86	87	
83	80	81	82	84	87	88	
84	79	80	83	85	88	89	
85	74	75	79	84	89	90	
86	107	15	78	82	87	92	
87	82	83	86	88	91	92	
88	83	84	87	89	91	
89	84	85	88	90	91	93	
90	105	72	75	85	89	93	
91	87	88	89	92	93	94	
92	107	108	86	87	91	94	
93	104	105	89	90	91	94	
94	104	108	118	91	92	93	
95	24	31	8	9	96	97	
96	111	112	16	24	95	97	
97	0	110	111	8	95	96	
98	100	112	113	16	19	99	
99	100	19	25	40	44	98	
100	113	114	44	45	98	99	
101	102	103	52	53	61	66	
102	101	103	114	115	45	52	
103	101	102	115	116	66	70	
104	105	106	117	118	93	94	
105	104	106	71	72	90	93	
106	104	105	116	117	70	71	
107	108	109	15	3	86	92	
108	107	109	118	119	92	94	
109	0	107	108	110	119	3	
110	0	109	111	119	121	97	
111	110	112	121	122	96	97	
112	111	113	122	16	96	98	
113	100	112	114	122	123	98	
114	100	102	113	115	123	45	
115	102	103	114	116	123	124	
116	103	106	115	117	124	70	
117	104	106	116	118	120	124	
118	104	108	117	119	120	94	
119	108	109	110	118	120	121	
120	117	118	119	121	124	125	
121	110	111	119	120	122	125	
122	111	112	113	121	123	125	
123	113	114	115	122	124	125	
124	115	116	117	120	123	125	
125	120	121	122	123	124	
