0 25.8849 119.568 -99.3325
1 15.3357 -17.4913 -154.708
10 -81.1166 -61.9659 -120.363
11 -29.2036 -139.258 -67.1597
12 146.898 54.6171 8.03737
13 92.1806 126.757 -15.0924
14 139.258 67.1597 -29.2036
15 0 -56.9919 -146.238
16 29.0809 -84.7945 -129.552
17 91.2254 91.2254 -91.2254
18 -54.6171 8.03736 -146.898
19 56.9919 146.238 -1.90735e-06
2 122.12 -68.9832 -72.0951
20 68.9832 -72.0951 -122.12
21 72.0951 -122.12 -68.9832
22 -103.292 53.3407 -106.659
23 92.1806 -126.757 15.0924
24 -29.1646 -25.1254 -151.995
25 62.3103 138.037 -43.0562
26 83.2959 0.980603 -133.136
27 -33.6243 132.035 -79.0612
28 115.073 -106.695 -13.8523
29 151.995 -29.1646 25.1254
3 33.6243 -132.035 -79.0612
30 61.9659 120.363 -81.1165
31 0.980602 133.136 -83.2959
32 -72.0951 122.12 -68.9832
33 132.035 -79.0613 -33.6242
34 29.1646 25.1254 -151.995
35 15.0924 92.1806 -126.757
36 146.238 -6.67572e-06 -56.9919
37 -83.2959 -0.980603 -133.136
38 146.238 -1.43051e-06 56.9919
39 67.1597 29.2036 -139.258
4 6.67572e-06 56.9919 -146.238
40 -13.8523 115.073 -106.695
41 -106.695 13.8523 -115.073
42 -61.966 -120.363 -81.1165
43 -15.3357 17.4913 -154.708
44 154.708 15.3357 17.4913
45 115.073 106.695 13.8523
46 -25.8849 -119.568 -99.3325
47 47.316 -143.652 -42.9181
48 151.995 29.1646 -25.1254
49 84.7945 129.552 29.0809
5 -0.980604 -133.136 -83.2959
50 13.8523 -115.073 -106.695
51 54.6171 -8.03736 -146.898
52 81.1166 61.9659 -120.363
53 120.363 81.1166 -61.9659
54 91.121 -91.121 -91.121
55 -79.0613 33.6243 -132.035
56 56.9919 -146.238 -2.86102e-06
57 99.3325 25.8849 -119.568
58 119.568 99.3325 -25.8849
59 -99.3325 -25.8849 -119.568
6 129.552 -29.0809 -84.7945
60 17.4912 -154.708 -15.3357
61 -8.03737 146.898 -54.6171
62 133.136 83.2959 -0.980597
63 84.7945 -129.552 -29.0809
64 139.258 -67.1597 29.2036
65 106.659 -103.292 -53.3407
66 138.037 -43.0562 62.3103
67 55.0834 94.7142 -113.588
68 126.757 15.0924 -92.1806
69 143.652 -42.9181 -47.316
7 154.708 -15.3357 -17.4912
70 43.0562 62.3103 -138.037
71 -29.0809 84.7945 -129.552
72 -42.9181 47.316 -143.652
73 -91.2254 -91.2254 -91.2254
74 106.695 -13.8523 -115.073
75 146.898 -54.6171 -8.03736
76 -113.588 -55.0834 -94.7142
77 132.035 79.0613 33.6243
78 -43.0562 -62.3103 -138.037
79 42.9181 -47.316 -143.652
8 -91.121 91.121 -91.121
80 -55.0834 -94.7142 -113.588
81 8.03736 -146.898 -54.6171
82 -15.0924 -92.1806 -126.757
83 138.037 43.0562 -62.3103
84 103.292 -53.3407 -106.659
85 53.3407 -106.659 -103.292
86 133.136 -83.2959 0.980608
87 113.588 55.0834 -94.7142
88 94.7142 113.588 -55.0834
89 -68.9832 72.0951 -122.12
9 143.652 42.9181 47.3161
90 25.1254 151.995 -29.1646
91 79.0613 -33.6243 -132.035
92 119.568 -99.3325 25.8849
93 -67.1597 -29.2036 -139.258
94 29.2036 139.258 -67.1597
95 -53.3407 106.659 -103.292
