0  -8.10623e-06 117.649 28.1276
1  -31.8439 114.246 26.9762
2  -57.4818 105.053 24.4674
3  -79.7552 91.5344 15.9019
4  -92.9522 73.5367 31.2912
5  -108.663 52.6528 17.2017
6  -114.233 26.943 31.8641
7  -113.142 0 43.6391
8  -119.298 0 16.9731
9  -114.235 -26.946 31.8457
10  -108.663 -52.6529 17.2017
11  -92.9612 -73.5328 31.2742
12  -79.7775 -91.5298 15.8362
13  -57.4818 -105.053 24.4674
14  -31.8675 -114.241 26.9705
15  -8.10623e-06 -117.649 28.1276
16  31.8432 -114.246 26.9757
17  57.4965 -105.053 24.4602
18  79.7728 -91.5318 15.8535
19  92.9614 -73.5329 31.2742
20  108.663 -52.6529 17.2017
21  114.233 -26.9431 31.8641
22  119.298 0 16.9732
23  114.233 26.9431 31.8641
24  108.658 52.6546 17.2208
25  92.9614 73.5329 31.2743
26  79.7553 91.5345 15.9019
27  57.5243 105.052 24.4439
28  31.8861 114.238 26.9677
29  71.7283 90.2401 42.1079
30  46.2085 102.094 49.2891
31  17.1737 108.717 52.5786
32  -17.1735 108.717 52.5787
33  -46.1945 102.118 49.3083
34  -71.7281 90.24 42.1079
35  -102.112 49.4178 46.0319
36  -104.993 24.5765 57.5647
37  -102.104 -49.4115 46.045
38  -83.3403 -68.3489 58.8812
39  -71.7555 -90.2288 42.0834
40  -46.2085 -102.094 49.2891
41  -17.1737 -108.717 52.5786
42  17.1735 -108.717 52.5787
43  46.191 -102.102 49.2961
44  71.7283 -90.2401 42.1079
45  102.096 -49.4046 46.0626
46  104.995 -24.5933 57.5374
47  113.162 0 43.6918
48  104.994 24.6135 57.4922
49  102.12 49.4237 46.0499
50  83.353 68.3588 58.8966
51  90.215 42.1555 71.719
52  91.5287 15.862 79.751
53  83.353 -68.3588 58.8966
54  90.2054 -42.1501 71.7342
55  91.5287 -15.862 79.751
56  73.4079 31.2572 93.0596
57  58.913 83.3736 68.3321
58  68.4061 58.9196 83.2752
59  31.156 93.0036 73.5232
60  -2.19345e-05 96.2788 75.2189
61  -31.1373 93.0122 73.5179
62  -58.9129 83.3736 68.332
63  -83.3528 68.3588 58.8965
64  -90.2203 42.1843 71.6909
65  -91.5281 15.8763 79.7435
66  -104.994 -24.6134 57.4921
67  -58.9129 -83.3735 68.3321
68  -31.156 -93.0036 73.5232
69  -2.19345e-05 -96.2788 75.2189
70  31.1736 -92.995 73.5277
71  58.9419 -83.3973 68.35
72  68.4062 -58.9196 83.2751
73  73.4004 -31.2236 93.0779
74  75.2852 0 96.2282
75  52.7191 17.177 108.652
76  49.5065 46.0713 102.061
77  42.1135 71.8168 90.1592
78  52.7191 -17.177 108.652
79  49.5065 -46.0713 102.061
80  42.1012 -71.8305 90.1536
81  15.9301 -79.6675 91.6142
82  24.5807 -57.5481 105
83  27.1053 -40.0107 114.207
84  28.2081 0 117.631
85  27.1033 31.8604 114.204
86  24.5807 57.5481 105
87  15.9776 79.6493 91.6164
88  -15.9129 79.6726 91.6125
89  -3.29018e-05 43.7235 113.125
90  -3.48091e-05 16.9731 119.298
91  -3.48091e-05 -16.9923 119.3
92  -3.29018e-05 -43.7235 113.125
93  -15.8769 -79.6811 91.6079
94  -24.5807 -57.5481 105
95  -42.0883 -71.8436 90.1475
96  -68.4061 -58.9195 83.275
97  -90.2035 -42.1307 71.7462
98  -91.5216 -15.7632 79.7841
99  -42.0748 71.8563 90.141
100  -68.425 58.9495 83.2996
101  -73.4108 31.2731 93.0497
102  -75.2848 0 96.2278
103  -73.3905 -31.1877 93.0945
104  -52.7156 -17.1532 108.661
105  -52.7191 17.1769 108.652
106  -49.5124 46.0852 102.069
107  -24.5889 57.5342 105.001
108  -27.1067 31.8816 114.209
109  -28.2081 0 117.631
110  -27.1067 -31.8816 114.209
111  -49.5065 -46.0713 102.061
