0 89.8183 110.837 31.4457
1 108.543 89.0737 36.9987
10 108.58 49.9147 84.9225
100 -61.7458 119.574 57.4787
101 -97.3232 103.784 -33.9414
102 -82.2268 119.574 -10.7993
103 -72.6606 119.574 -42.0671
104 17.3667 119.574 -81.4291
105 0 103.784 -102.332
106 -17.3667 119.574 -81.4291
107 97.3232 103.784 -33.9414
108 72.6606 119.574 -42.0671
109 82.2268 119.574 -10.7993
11 122.091 19.8061 76.5917
110 56.6751 131.945 19.5965
111 31.2329 135.357 41.5087
112 0 131.945 59.063
113 -31.2329 135.357 41.5087
114 -56.6747 131.945 19.5965
115 -48.3078 135.357 -16.5612
116 -36.0308 131.945 -48.7387
117 0 135.357 -50.7938
118 36.0318 131.945 -48.7384
119 48.3078 135.357 -16.5612
12 135.575 19.4854 46.4451
120 18.4279 140.136 -24.8948
121 28.8168 140.136 9.68811
122 0 140.136 29.918
123 -28.8168 140.136 9.68811
124 -18.4279 140.136 -24.8948
125 0 142.5 -1.6246
13 141.393 19.8061 12.2408
14 135.575 49.9147 -4.51862
15 122.091 76.8839 -19.4669
16 0 110.837 93.912
17 0 89.0737 113.747
18 0 64.9378 129.26
19 -31.2329 96.9297 104.905
2 121.929 64.9378 42.6784
20 -28.8168 72.2091 122.259
21 -18.4279 44.5279 135.762
22 18.4279 44.5279 135.762
23 28.8168 72.2091 122.259
24 31.2329 96.9297 104.905
25 -56.6751 76.8837 111.258
26 -48.3078 49.9147 128.162
27 -36.0318 19.8061 138.306
28 0 19.4854 141.835
29 36.0308 19.8061 138.306
3 108.58 96.9297 5.71679
30 48.3078 49.9147 128.162
31 56.6747 76.8839 111.258
32 72.6606 19.9295 124.354
33 97.3232 19.9295 106.667
34 82.2268 47.1548 111.696
35 -97.3232 19.9295 106.667
36 -72.6606 19.9295 124.354
37 -82.2268 47.1548 111.696
38 -122.091 19.8061 76.5909
39 -108.58 49.9147 84.9225
4 124.579 72.2091 13.6692
40 -89.8183 76.8839 87.4443
41 -135.575 19.4854 46.4451
42 -124.579 44.5279 59.3906
43 -108.543 72.2091 64.7955
44 -91.6573 96.9297 61.3855
45 -89.818 110.837 31.4463
46 -108.543 89.0737 36.9987
47 -121.929 64.9378 42.6784
48 -134.258 44.5279 28.1375
49 -141.393 19.8061 12.2408
5 134.258 44.5279 28.1375
50 -135.575 49.9147 -4.51862
51 -124.579 72.2091 13.6692
52 -108.58 96.9297 5.71679
53 -122.091 76.8837 -19.4669
54 -139.213 19.9295 -31.5423
55 -130.231 19.9295 -60.7655
56 -130.231 47.1548 -44.7089
57 -109.654 19.8061 -93.9247
58 -85.5293 19.4854 -116.241
59 -94.4316 44.5279 -101.258
6 124.579 44.5279 59.3906
60 -113.224 49.9147 -78.3695
61 -109.654 76.8839 -59.5865
62 -94.4316 72.2091 -84.2024
63 -78.3476 64.9378 -105.292
64 -68.0258 44.5279 -120.229
65 -56.5634 19.8061 -131.983
66 -85.5293 96.9297 -69.4373
67 -68.0258 89.0737 -92.7139
68 -51.6196 72.2091 -114.838
69 -40.4877 49.9147 -130.443
7 108.543 72.2091 64.7955
70 -56.5644 110.837 -76.9321
71 -40.4877 96.9297 -101.927
72 -23.2834 76.8837 -121.636
73 -17.3667 19.9295 -141.048
74 17.3667 19.9295 -141.048
75 0 47.1548 -136.521
76 130.231 19.9295 -60.7655
77 139.213 19.9295 -31.5423
78 130.231 47.1548 -44.7089
79 56.5644 19.8061 -131.983
8 91.6573 96.9297 61.3855
80 85.5293 19.4854 -116.241
81 109.654 19.8061 -93.9239
82 113.224 49.9147 -78.3695
83 94.4316 44.5279 -101.258
84 68.0258 44.5279 -120.229
85 40.4877 49.9147 -130.443
86 109.654 76.8837 -59.5858
87 94.4316 72.2091 -84.2024
88 78.3476 64.9378 -105.292
89 51.6196 72.2091 -114.838
9 89.818 76.8837 87.4443
90 23.2834 76.8839 -121.636
91 68.0258 89.0737 -92.7139
92 85.5293 96.9297 -69.4373
93 40.4877 96.9297 -101.927
94 56.5634 110.837 -76.9316
95 61.7458 103.784 83.506
96 36.9194 119.574 75.3803
97 61.7458 119.574 57.4787
98 -36.9194 119.574 75.3803
99 -61.7458 103.784 83.506
