10.0 1.2320244917305528e-05
11.768119524349986 1.1459210437403924e-05
13.84886371393873 1.0658351739766039e-05
16.297508346206442 9.91346327298182e-06
19.179102616724887 9.220633402263444e-06
22.5701971963392 8.576223868267135e-06
26.560877829466865 7.976850681492202e-06
31.257158496882354 7.419366351927958e-06
36.78379771828634 6.900843360631053e-06
43.28761281083057 6.41855878643747e-06
50.9413801481638 5.9699800070793446e-06
59.94842503189409 5.5527513996189405e-06
70.54802310718642 5.164681970359622e-06
83.02175681319744 4.80373384927484e-06
97.70099572992251 4.468011588535832e-06
114.97569953977356 4.1557522089413996e-06
135.30477745798075 3.865315941980534e-06
159.2282793341092 3.5951776189116737e-06
187.3817422860383 3.343918661640027e-06
220.51307399030455 3.110219633334657e-06
259.5024211399737 2.892853309666332e-06
305.3855508833415 2.690678234281149e-06
359.38136638046257 2.5026327246677323e-06
422.9242874389499 2.3277292969410466e-06
497.7023564332109 2.1650494802656418e-06
585.7020818056661 2.0137389936873073e-06
689.2612104349695 1.873003260045225e-06
811.1308307896873 1.7421032334068134e-06
954.5484566618337 1.5542324328832595e-06
1123.3240329780276 1.2882220093078036e-06
1321.9411484660286 1.0677398760663269e-06
1555.6761439304723 8.84993762491857e-07
1830.7382802953678 7.335250628036318e-07
2154.434690031882 6.079805763218844e-07
2535.364493970111 5.039233148651727e-07
2983.6472402833374 4.176756908928963e-07
3511.191734215131 3.4618954435464824e-07
4132.0124001153345 2.869384147405678e-07
4862.601580065353 2.378282510158211e-07
5722.367659350214 1.9712340375332674e-07
6734.150657750822 1.633852838816533e-07
7924.82898353917 1.3542152012803786e-07
9326.0334688322 1.1224381828091825e-07
10974.987654930545 9.303303293574081e-08
12915.496650148827 7.711021729108453e-08
15199.11082952933 6.446535149420564e-08
17886.495290574352 5.942549659262988e-08
21049.041445120216 5.4779653929259653e-08
24770.76355991709 5.0497019910164697e-08
29150.530628251756 4.654919914427488e-08
34304.69286314912 4.291001617180969e-08
40370.1725859655 3.955534191164332e-08
47508.101621027934 3.646293367689075e-08
55908.10182512223 3.361228769796009e-08
65793.32246575682 3.098450317524692e-08
77426.36826811277 2.4380318154464018e-08
91116.27561154886 1.7405068319479577e-08
107226.72220103232 1.2425449138377334e-08
126185.68830660211 8.870507340531857e-09
148496.82622544636 6.332640341780487e-09
174752.84000076828 4.520861339588395e-09
205651.23083486513 3.2274353427181297e-09
242012.82647943834 2.304060688659488e-09
284803.5868435799 1.6448650687933227e-09
335160.2650938841 1.1742664192194386e-09
394420.6059437656 8.383068310387356e-10
464158.8833612772 5.984658434100072e-10
546227.7217684337 4.2724376381933594e-10
642807.3117284318 3.0500860781365755e-10
756463.3275546291 2.1774513455453076e-10
890215.0854450373 1.554478870679528e-10
1047615.7527896641 1.1097398636863407e-10
1232846.7394420658 7.922414310567171e-11
1450828.7784959401 5.65579831473184e-11
1707352.6474706887 4.037664949465843e-11
2009233.002565046 2.8824822486474937e-11
2364489.412645407 2.0577992522304508e-11
2782559.402207126 1.4690594415515004e-11
3274549.162877725 1.0487590762181546e-11
3853528.5937105273 7.487073489608644e-12
4534878.508128582 5.34500923138044e-12
5336699.231206302 3.815793143101036e-12
6280291.441834247 2.724088337481953e-12
7390722.033525775 1.9447221041899923e-12
8697490.026177835 1.3883338548488629e-12
10235310.218990248 9.911292150002762e-13
12045035.402587812 7.075654875058841e-13
14174741.629268046 5.05129817114008e-13
16681005.372000592 3.606113308847743e-13
19630406.50040268 2.574398254798302e-13
23101297.000831578 1.837858604733139e-13
27185882.4273294 1.3120441814688367e-13
31992671.377973843 9.366661448779888e-14
37649358.06792463 6.686843929130568e-14
44306214.575838774 4.77372668768493e-14
52140082.87999684 3.407955491444874e-14
61359072.734131634 2.4329337206570844e-14
72208090.18385457 1.73686731061172e-14
84975343.59086438 1.2399466656481053e-14
100000000.0 8.851958490199008e-15
