10.0 0.00518699494097541
11.768119524349986 0.0059733351125965525
13.84886371393873 0.006866720824135968
16.297508346206442 0.007859489758724464
19.179102616724887 0.008927902506707674
22.5701971963392 0.009996867770044044
26.560877829466865 0.010869798510042357
31.257158496882354 0.011174701809664876
36.78379771828634 0.010544421597277302
43.28761281083057 0.009047127326649512
50.9413801481638 0.007159807666296009
59.94842503189409 0.005343682132258062
70.54802310718642 0.0038454167201432553
83.02175681319744 0.0027006488004632156
97.70099572992251 0.0018609218663183942
114.97569953977356 0.001269380736476645
135.30477745798075 0.0008700198190356117
159.2282793341092 0.0006080862200912778
187.3817422860383 0.00043698545686142405
220.51307399030455 0.00032299443996481816
259.5024211399737 0.0002444338673168033
305.3855508833415 0.0001882497344491728
359.38136638046257 0.00014673895861871104
422.9242874389499 0.00011529105700287396
497.7023564332109 9.104125044629938e-05
585.7020818056661 7.211962305613017e-05
689.2612104349695 5.7242514031504094e-05
811.1308307896873 4.548904686020967e-05
954.5484566618337 3.617556566067613e-05
1123.3240329780276 2.8750348635304617e-05
1321.9411484660286 2.2890391296890048e-05
1555.6761439304723 1.8224822945777946e-05
1830.7382802953678 1.4510200679774925e-05
2154.434690031882 1.1658782923585959e-05
2535.364493970111 9.373585420957597e-06
2983.6472402833374 7.536301535063149e-06
3511.191734215131 6.059137275306648e-06
4132.0124001153345 4.871506845924376e-06
4862.601580065353 3.916659727549578e-06
5722.367659350214 3.1489688727919512e-06
6734.150657750822 2.531750433172415e-06
7924.82898353917 2.0355108338005495e-06
9326.0334688322 1.636537432849424e-06
10974.987654930545 1.3157654209664708e-06
12915.496650148827 1.0578668157909211e-06
15199.11082952933 8.505180194883234e-07
17886.495290574352 6.838109397859306e-07
21049.041445120216 5.312040664041055e-07
24770.76355991709 3.835723113293807e-07
29150.530628251756 2.769702404850147e-07
34304.69286314912 1.999949210318591e-07
40370.1725859655 1.4441251294181349e-07
47508.101621027934 1.0427751758179532e-07
55908.10182512223 7.529680393694759e-08
65793.32246575682 5.437038409235127e-08
77426.36826811277 3.925981597871311e-08
91116.27561154886 2.8348763327924632e-08
107226.72220103232 2.04701005898353e-08
126185.68830660211 1.4781068694634017e-08
148496.82622544636 1.0673127413158869e-08
174752.84000076828 7.706861467931463e-09
205651.23083486513 5.4422984850850535e-09
242012.82647943834 3.4498686426755983e-09
284803.5868435799 2.1868689643417183e-09
335160.2650938841 1.386254481704535e-09
394420.6059437656 8.78745603591467e-10
464158.8833612772 5.570361329918649e-10
546227.7217684337 3.5310475772551776e-10
642807.3117284318 2.2383282258319403e-10
756463.3275546291 1.4188744662711452e-10
890215.0854450373 8.994233856332545e-11
1047615.7527896641 5.7014376243584416e-11
1232846.7394420658 3.614136735122066e-11
1450828.7784959401 2.290998376331196e-11
1707352.6474706887 1.4522620324089462e-11
2009233.002565046 9.205877370170847e-12
2364489.412645407 5.835598277953144e-12
2782559.402207126 3.699181065782292e-12
3274549.162877725 2.3449079092952878e-12
3853528.5937105273 1.4864352420966836e-12
4534878.508128582 9.422501072168077e-13
5336699.231206302 5.972915868825602e-13
6280291.441834247 3.7862265764496924e-13
7390722.033525775 2.4000859886601117e-13
8697490.026177835 1.521412582329942e-13
10235310.218990248 9.644222151240901e-14
12045035.402587812 6.113464682935967e-14
14174741.629268046 3.8753203569348e-14
16681005.372000592 2.4565624646188136e-14
19630406.50040268 1.5572129751222084e-14
23101297.000831578 9.871160553880808e-15
27185882.4273294 6.2573207542690505e-15
31992671.377973843 3.966510605119569e-15
37649358.06792463 2.5143678897700954e-15
44306214.575838774 1.5938557877412542e-15
52140082.87999684 1.0103439049042966e-15
61359072.734131634 6.4045619059670095e-16
72208090.18385457 4.0598466530313725e-16
84975343.59086438 2.573533535646481e-16
100000000.0 1.6313608431864803e-16
