10.0 0.37830776575623015
11.768119524349986 0.2872010680302025
13.84886371393873 0.21589473490549016
16.297508346206442 0.16048738550208336
19.179102616724887 0.11782984424565987
22.5701971963392 0.08535840829255098
26.560877829466865 0.06096841736451255
31.257158496882354 0.042922439870586894
36.78379771828634 0.029786293021025867
43.28761281083057 0.020384858876327707
50.9413801481638 0.013769469003919852
59.94842503189409 0.009190093420467723
70.54802310718642 0.00606825568403468
83.02175681319744 0.003969425534770581
97.70099572992251 0.0025756366232043753
114.97569953977356 0.0016598766403828466
135.30477745798075 0.001063636238368988
159.2282793341092 0.0006783757109478862
187.3817422860383 0.0004310035650484435
220.51307399030455 0.00027298607858069275
259.5024211399737 0.00017246935158560058
305.3855508833415 0.00010874548042535858
359.38136638046257 6.845644687800789e-05
422.9242874389499 4.303914400037207e-05
497.7023564332109 2.703170053423288e-05
585.7020818056661 1.6964264307863247e-05
689.2612104349695 1.0639506461869074e-05
811.1308307896873 6.669459175178365e-06
954.5484566618337 4.420733501273873e-06
1123.3240329780276 3.1151153493107367e-06
1321.9411484660286 2.1702483081307856e-06
1555.6761439304723 1.4875400195338694e-06
1830.7382802953678 1.0195953032910072e-06
2154.434690031882 6.988547451677729e-07
2535.364493970111 4.790114794353215e-07
2983.6472402833374 3.2832565511750225e-07
3511.191734215131 2.2504200799302856e-07
4132.0124001153345 1.5424895265032e-07
4862.601580065353 1.0572572758749283e-07
5722.367659350214 7.246677599081555e-08
6734.150657750822 4.9670320375364236e-08
7924.82898353917 3.404510702351689e-08
9326.0334688322 2.3335231761748503e-08
10974.987654930545 1.5994444002121672e-08
12915.496650148827 1.0962906827539085e-08
15199.11082952933 7.514182943365904e-09
17886.495290574352 5.1503551458742494e-09
21049.041445120216 3.5301393580916323e-09
24770.76355991709 2.4196115720800117e-09
29150.530628251756 1.6584349107811776e-09
34304.69286314912 1.1367108468938516e-09
40370.1725859655 7.791124755862752e-10
47508.101621027934 5.340090824020649e-10
55908.10182512223 3.660118648648151e-10
65793.32246575682 2.5086459480696334e-10
77426.36826811277 1.719415590568084e-10
91116.27561154886 1.1784716692117027e-10
107226.72220103232 8.077066614597924e-11
126185.68830660211 5.535842797980098e-11
148496.82622544636 3.7940986181633787e-11
174752.84000076828 2.6003232592939954e-11
205651.23083486513 1.7821277790336974e-11
242012.82647943834 1.2213547757970727e-11
284803.5868435799 8.370180477489679e-12
335160.2650938841 5.7360909995932725e-12
394420.6059437656 3.930822046586443e-12
464158.8833612772 2.6936081894363685e-12
546227.7217684337 1.8457219221097815e-12
642807.3117284318 1.2646650876235961e-12
756463.3275546291 8.664793306355176e-13
890215.0854450373 5.936214751685295e-13
1047615.7527896641 4.066531943867106e-13
1232846.7394420658 2.7854505415126657e-13
1450828.7784959401 1.9077248384996018e-13
1707352.6474706887 1.3063995505285272e-13
2009233.002565046 8.94469853371827e-14
2364489.412645407 6.123113473877715e-14
2782559.402207126 4.190647501616578e-14
3274549.162877725 2.867311593698913e-14
3853528.5937105273 1.9612512840007002e-14
4534878.508128582 1.3410106905877698e-14
5336699.231206302 9.165237281966067e-15
6280291.441834247 6.260867357610346e-15
7390722.033525775 4.274305803632711e-15
8697490.026177835 2.9160237500507996e-15
10235310.218990248 1.987727585711121e-15
12045035.402587812 1.3536282911726007e-15
14174741.629268046 9.207545939591621e-16
16681005.372000592 6.25463848153425e-16
19630406.50040268 4.242000721935291e-16
23101297.000831578 2.8716235583416064e-16
27185882.4273294 1.939675109009234e-16
31992671.377973843 1.3067914607421723e-16
37649358.06792463 8.777293542438715e-17
44306214.575838774 5.874326515623169e-17
52140082.87999684 3.9149245131347053e-17
61359072.734131634 2.5961668907513178e-17
72208090.18385457 1.7116087679914188e-17
84975343.59086438 1.1207027841214072e-17
100000000.0 7.278845491195182e-18
