10.0 5.176117384652796e-49
11.768119524349986 1.3751422312994816e-48
13.84886371393873 3.653352321763588e-48
16.297508346206442 9.705904293495505e-48
19.179102616724887 2.5785826348692364e-47
22.5701971963392 6.850571606038567e-47
26.560877829466865 1.8200084287670878e-46
31.257158496882354 4.835272651859092e-46
36.78379771828634 1.2846052424203697e-45
43.28761281083057 3.4128701799784154e-45
50.9413801481638 9.0671634407725e-45
59.94842503189409 2.408934540104494e-44
70.54802310718642 6.4000116498995995e-44
83.02175681319744 1.7003531588157398e-43
97.70099572992251 4.5175249816811014e-43
114.97569953977356 1.2002330925452276e-42
135.30477745798075 3.1888557319633334e-42
159.2282793341092 8.472452386988601e-42
187.3817422860383 2.2510714238263134e-41
220.51307399030455 5.98103472289932e-41
259.5024211399737 1.5891741975746012e-40
305.3855508833415 4.2225641527791485e-40
359.38136638046257 1.1219984822179093e-39
422.9242874389499 2.981408836920868e-39
497.7023564332109 7.922575623736981e-39
585.7020818056661 2.1053756810364104e-38
689.2612104349695 5.595184387100129e-38
811.1308307896873 1.4870467125069518e-37
954.5484566618337 3.9524348030961075e-37
1123.3240329780276 1.050606284684629e-36
1321.9411484660286 2.792908205823085e-36
1555.6761439304723 7.425437127860867e-36
1830.7382802953678 1.9744433587039306e-35
2154.434690031882 5.250911938551765e-35
2535.364493970111 1.3967030487905004e-34
2983.6472402833374 3.715922945002543e-34
3511.191734215131 9.888696081916956e-34
4132.0124001153345 2.6323303798792202e-33
4862.601580065353 7.009604480890959e-33
5722.367659350214 1.8673471951132386e-32
6734.150657750822 4.976986175003102e-32
7924.82898353917 1.327255164417837e-31
9326.0334688322 3.541867252837276e-31
10974.987654930545 9.459120211400248e-31
12915.496650148827 2.5285371395864687e-30
15199.11082952933 6.766402545671025e-30
17886.495290574352 1.8130006869878616e-29
21049.041445120216 4.865029008184156e-29
24770.76355991709 1.3077722857192896e-28
29150.530628251756 3.5226441925822336e-28
34304.69286314912 9.511475607095414e-28
40370.1725859655 2.5754146266571357e-27
47508.101621027934 6.996376361386728e-27
55908.10182512223 1.907944206848429e-26
65793.32246575682 5.226394881402871e-26
77426.36826811277 1.4391404321398939e-25
91116.27561154886 3.9869160189886906e-25
107226.72220103232 1.1123111338488883e-24
126185.68830660211 3.1286176179731246e-24
148496.82622544636 8.883052253351133e-24
174752.84000076828 2.5495975181798976e-23
205651.23083486513 7.409182471097216e-23
242012.82647943834 2.183852770354003e-22
284803.5868435799 6.541410242221447e-22
335160.2650938841 1.9953866809670197e-21
394420.6059437656 6.2125224649539596e-21
464158.8833612772 1.978903246735675e-20
546227.7217684337 6.464915271376358e-20
642807.3117284318 2.0731414738832103e-19
756463.3275546291 6.612423454212528e-19
890215.0854450373 2.1307362945829272e-18
1047615.7527896641 6.925142459245437e-18
1232846.7394420658 2.2761693469641366e-17
1450828.7784959401 7.809142587272852e-17
1707352.6474706887 2.6556278020579676e-16
2009233.002565046 9.395084932975124e-16
2364489.412645407 3.378974570205166e-15
2782559.402207126 1.2582543622318451e-14
3274549.162877725 4.607672876907357e-14
3853528.5937105273 1.7290770130318398e-13
4534878.508128582 6.684068387714613e-13
5336699.231206302 2.642961165992457e-12
6280291.441834247 1.028590137944456e-11
7390722.033525775 4.05640420895789e-11
8697490.026177835 1.5723100257018473e-10
10235310.218990248 5.029566871887133e-10
12045035.402587812 9.17180363217604e-10
14174741.629268046 8.490781436709627e-10
16681005.372000592 5.957717855960199e-10
19630406.50040268 3.9325056905616533e-10
23101297.000831578 2.5441392159128673e-10
27185882.4273294 1.638036761776838e-10
31992671.377973843 1.0560339548111978e-10
37649358.06792463 6.752380831467012e-11
44306214.575838774 4.313049680827984e-11
52140082.87999684 2.738435202730808e-11
61359072.734131634 1.7432663395804496e-11
72208090.18385457 1.1096528972260211e-11
84975343.59086438 7.008735969241748e-12
100000000.0 4.467119623382117e-12
