10.0 0.0
11.768119524349986 0.0
13.84886371393873 0.0
16.297508346206442 0.0
19.179102616724887 0.0
22.5701971963392 0.0
26.560877829466865 0.0
31.257158496882354 0.0
36.78379771828634 0.0
43.28761281083057 0.0
50.9413801481638 0.0
59.94842503189409 0.0
70.54802310718642 0.0
83.02175681319744 0.0
97.70099572992251 0.0
114.97569953977356 0.0
135.30477745798075 0.0
159.2282793341092 0.0
187.3817422860383 0.0
220.51307399030455 0.0
259.5024211399737 0.0
305.3855508833415 0.0
359.38136638046257 0.0
422.9242874389499 0.0
497.7023564332109 0.0
585.7020818056661 0.0
689.2612104349695 0.0
811.1308307896873 0.0
954.5484566618337 0.0
1123.3240329780276 1.2106925162052525e-06
1321.9411484660286 1.0287901254742955e-06
1555.6761439304723 8.742179439506674e-07
1830.7382802953678 7.428697016050707e-07
2154.434690031882 6.312560813713384e-07
2535.364493970111 5.364120240835213e-07
2983.6472402833374 4.5581796052768276e-07
3511.191734215131 3.87332878107269e-07
4132.0124001153345 3.291374440120362e-07
4862.601580065353 2.796856739354166e-07
5722.367659350214 2.3766386240104515e-07
6734.150657750822 2.0195568366660725e-07
7924.82898353917 1.7161253609697887e-07
9326.0334688322 1.4582834219340393e-07
10974.987654930545 1.2391813483170673e-07
12915.496650148827 1.0529986084463339e-07
15199.11082952933 8.947891855342929e-08
17886.495290574352 7.603501848216623e-08
21049.041445120216 6.4611018204598e-08
24770.76355991709 5.490343471691319e-08
29150.530628251756 4.66543822938829e-08
34304.69286314912 3.9644721654422475e-08
40370.1725859655 3.368823844148731e-08
47508.101621027934 2.8626696365363497e-08
55908.10182512223 2.432563359518112e-08
65793.32246575682 2.0670790728159893e-08
77426.36826811277 1.7565075444202407e-08
91116.27561154886 1.4925983210705572e-08
107226.72220103232 1.3302436895308125e-08
126185.68830660211 1.2468734203289041e-08
148496.82622544636 1.1619414642333305e-08
174752.84000076828 1.0755827343746454e-08
205651.23083486513 9.880366013777642e-09
242012.82647943834 8.996647414134845e-09
284803.5868435799 8.109670317020168e-09
335160.2650938841 7.225930453457732e-09
394420.6059437656 6.353459942750608e-09
464158.8833612772 5.501753917654275e-09
546227.7217684337 4.681544765909868e-09
642807.3117284318 3.904388624104009e-09
756463.3275546291 3.1820429879818875e-09
890215.0854450373 2.525641638216256e-09
1047615.7527896641 1.944714609579514e-09
1232846.7394420658 1.4461534947603577e-09
1450828.7784959401 1.033276257348692e-09
1707352.6474706887 7.051836192522682e-10
2009233.002565046 4.5659831918844743e-10
2364489.412645407 2.7831853366886013e-10
2782559.402207126 1.5829163114015308e-10
3274549.162877725 8.314643531488775e-11
3853528.5937105273 3.986634752586858e-11
4534878.508128582 1.7214823277088257e-11
5336699.231206302 6.592137930202998e-12
6280291.441834247 2.1992919740004475e-12
7390722.033525775 6.263871011436869e-13
8697490.026177835 1.4879016370910658e-13
10235310.218990248 2.869795957908617e-14
12045035.402587812 4.358453241213233e-15
14174741.629268046 5.031644417995583e-16
16681005.372000592 4.240504243886194e-17
19630406.50040268 2.4905664404954414e-18
23101297.000831578 9.665448737792965e-20
27185882.4273294 2.331567724391758e-21
31992671.377973843 3.259271820035456e-23
37649358.06792463 2.436084194630624e-25
44306214.575838774 8.876904518525955e-28
52140082.87999684 1.4184442966958595e-30
61359072.734131634 8.801196364116081e-34
72208090.18385457 1.8444179767705706e-37
84975343.59086438 1.112342305526902e-41
100000000.0 1.6065641201145555e-46
