10.0 8.81312934590588e-06
11.768119524349986 8.81312934590588e-06
13.84886371393873 8.81312934590588e-06
16.297508346206442 8.81312934590588e-06
19.179102616724887 8.81312934590588e-06
22.5701971963392 8.81312934590588e-06
26.560877829466865 8.81312934590588e-06
31.257158496882354 8.81312934590588e-06
36.78379771828634 8.81312934590588e-06
43.28761281083057 8.81312934590588e-06
50.9413801481638 8.81312934590588e-06
59.94842503189409 8.81312934590588e-06
70.54802310718642 8.81312934590588e-06
83.02175681319744 8.81312934590588e-06
97.70099572992251 8.81312934590588e-06
114.97569953977356 8.81312934590588e-06
135.30477745798075 8.81312934590588e-06
159.2282793341092 8.81312934590588e-06
187.3817422860383 8.81312934590588e-06
220.51307399030455 8.81312934590588e-06
259.5024211399737 8.81312934590588e-06
305.3855508833415 8.81312934590588e-06
359.38136638046257 8.81312934590588e-06
422.9242874389499 8.81312934590588e-06
497.7023564332109 8.81312934590588e-06
585.7020818056661 8.81312934590588e-06
689.2612104349695 8.81312934590588e-06
811.1308307896873 8.81312934590588e-06
954.5484566618337 8.81312934590588e-06
1123.3240329780276 8.81312934590588e-06
1321.9411484660286 7.488986942790828e-06
1555.6761439304723 6.3637923861114755e-06
1830.7382802953678 5.4076544455074995e-06
2154.434690031882 4.595172945276655e-06
2535.364493970111 3.904763998843279e-06
2983.6472402833374 3.3180866244294557e-06
3511.191734215131 2.819555509751443e-06
4132.0124001153345 2.3959269821464398e-06
4862.601580065353 2.0359471852651647e-06
5722.367659350214 1.7300531160076076e-06
6734.150657750822 1.4701185796319201e-06
7924.82898353917 1.2492383142353605e-06
9326.0334688322 1.0615445497902197e-06
10974.987654930545 9.020511285543355e-07
12915.496650148827 7.665210458543164e-07
15199.11082952933 6.513538924109925e-07
17886.495290574352 5.534902080687101e-07
21049.041445120216 4.7033020604817654e-07
24770.76355991709 3.9966470860105924e-07
29150.530628251756 3.39616459345177e-07
34304.69286314912 2.8859025321969296e-07
40370.1725859655 2.4523055924317966e-07
47508.101621027934 2.0838551030669014e-07
55908.10182512223 1.7707630337668606e-07
65793.32246575682 1.5047119721234036e-07
77426.36826811277 1.278634168364734e-07
91116.27561154886 1.0865237778381262e-07
107226.72220103232 8.491189396049852e-08
126185.68830660211 5.934894078157508e-08
148496.82622544636 4.1481783147288085e-08
174752.84000076828 2.8993581189789862e-08
205651.23083486513 2.026498589089445e-08
242012.82647943834 1.416415759301817e-08
284803.5868435799 9.900000000000016e-09
335160.2650938841 6.919578475200752e-09
394420.6059437656 4.836420835804192e-09
464158.8833612772 3.380403385095275e-09
546227.7217684337 2.362723888989998e-09
642807.3117284318 1.6514195318280589e-09
756463.3275546291 1.154255257168032e-09
890215.0854450373 8.067636194330553e-10
1047615.7527896641 5.638852702630316e-10
1232846.7394420658 3.9412609884796215e-10
1450828.7784959401 2.75473380818505e-10
1707352.6474706887 1.925413814547992e-10
2009233.002565046 1.3457628269697411e-10
2364489.412645407 9.406173222449621e-11
2782559.402207126 6.574419572128483e-11
3274549.162877725 3.9250698743327475e-11
3853528.5937105273 2.0465346855748794e-11
4534878.508128582 1.067064881226623e-11
5336699.231206302 5.563685134549039e-12
6280291.441834247 2.900910040335928e-12
7390722.033525775 1.5125368993053001e-12
8697490.026177835 7.886379928883161e-13
10235310.218990248 4.1119650311511423e-13
12045035.402587812 2.1439819752386894e-13
14174741.629268046 1.1178739788216446e-13
16681005.372000592 5.82860419051522e-14
19630406.50040268 3.039039055681627e-14
23101297.000831578 1.58455748238787e-14
27185882.4273294 8.261895845982256e-15
31992671.377973843 4.307759341554152e-15
37649358.06792463 2.246069290957154e-15
44306214.575838774 1.1711023898472156e-15
52140082.87999684 6.106137566759608e-16
61359072.734131634 3.183745188075102e-16
72208090.18385457 1.6600073797502657e-16
84975343.59086438 8.655292236158511e-17
100000000.0 4.5128765454389687e-17
